runID,blockID,trialID,trialStimID_1,trialStimID_2,trialStimReward_1,trialStimReward_2,RT,respKey,selectedStimID,outcome,tFixOn,tStimOn,tRespOn,tFBOn,tFBOff,jitterFB,jitterITI,isTrialStim_1,isTrialStim_2,isTrialStim_3,isTrialStim_4,isTrialStim_5,isTrialStim_6,isTrialStim_7,isTrialStim_8,isTrialStim_9,isTrialStim_10,isTrialStim_11,isTrialStim_12,isTrialStim_13,isSelected_1,isSelected_2,isSelected_3,isSelected_4,isSelected_5,isSelected_6,isSelected_7,isSelected_8,isSelected_9,isSelected_10,isSelected_11,isSelected_12,isSelected_13,isSelectedWin_1,isSelectedWin_2,isSelectedWin_3,isSelectedWin_4,isSelectedWin_5,isSelectedWin_6,isSelectedWin_7,isSelectedWin_8,isSelectedWin_9,isSelectedWin_10,isSelectedWin_11,isSelectedWin_12,isSelectedWin_13,isWin_1,isWin_2,isWin_3,isWin_4,isWin_5,isWin_6,isWin_7,isWin_8,isWin_9,isWin_10,isWin_11,isWin_12,isWin_13,workerId,assignmentId
1,1,1,9,2,1,0,0.9563500000076601,2,2,0,NaN,NaN,NaN,NaN,NaN,1,1,0,1,0,0,0,0,0,0,1,0,0,0,0,0,1,0,0,0,0,0,0,0,0,0,0,0,0,0,0,0,0,0,0,0,0,0,0,0,0,0,0,0,0,0,0,0,0,1,0,0,1,0,A132MSWBBVTOES,3II4UPYCOKN9OEDKS7YBANZUESMQDO
1,1,2,2,9,0,1,0.618464999992284,2,9,1,NaN,NaN,NaN,NaN,NaN,1,1,0,1,0,0,0,0,0,0,1,0,0,0,0,0,0,0,0,0,0,0,0,1,0,0,0,0,0,0,0,0,0,0,0,0,1,0,0,0,0,0,0,0,0,0,0,0,0,1,0,0,0,0,A132MSWBBVTOES,3II4UPYCOKN9OEDKS7YBANZUESMQDO
1,1,3,9,12,1,0,0.5927300000039395,1,9,1,NaN,NaN,NaN,NaN,NaN,1,1,0,0,0,0,0,0,0,0,1,0,0,1,0,0,0,0,0,0,0,0,0,1,0,0,0,0,0,0,0,0,0,0,0,0,1,0,0,0,0,0,0,0,0,0,0,0,0,1,0,0,0,0,A132MSWBBVTOES,3II4UPYCOKN9OEDKS7YBANZUESMQDO
1,1,4,2,9,1,1,1.0185500000079628,2,9,1,NaN,NaN,NaN,NaN,NaN,1,1,0,1,0,0,0,0,0,0,1,0,0,0,0,0,0,0,0,0,0,0,0,1,0,0,0,0,0,0,0,0,0,0,0,0,1,0,0,0,0,0,1,0,0,0,0,0,0,1,0,0,1,0,A132MSWBBVTOES,3II4UPYCOKN9OEDKS7YBANZUESMQDO
1,1,5,2,9,0,0,0.4627150000014808,2,9,0,NaN,NaN,NaN,NaN,NaN,1,1,0,1,0,0,0,0,0,0,1,0,0,0,0,0,0,0,0,0,0,0,0,1,0,0,0,0,0,0,0,0,0,0,0,0,0,0,0,0,0,0,0,0,0,0,0,0,0,0,0,0,1,0,A132MSWBBVTOES,3II4UPYCOKN9OEDKS7YBANZUESMQDO
1,1,6,12,2,0,0,0.5687699999980396,1,12,0,NaN,NaN,NaN,NaN,NaN,1,1,0,1,0,0,0,0,0,0,0,0,0,1,0,0,0,0,0,0,0,0,0,0,0,0,1,0,0,0,0,0,0,0,0,0,0,0,0,0,0,0,0,0,0,0,0,0,0,1,0,0,0,0,A132MSWBBVTOES,3II4UPYCOKN9OEDKS7YBANZUESMQDO
1,1,7,9,2,1,0,0.6836699999985285,1,9,1,NaN,NaN,NaN,NaN,NaN,1,1,0,1,0,0,0,0,0,0,1,0,0,0,0,0,0,0,0,0,0,0,0,1,0,0,0,0,0,0,0,0,0,0,0,0,1,0,0,0,0,0,0,0,0,0,0,0,0,1,0,0,0,0,A132MSWBBVTOES,3II4UPYCOKN9OEDKS7YBANZUESMQDO
1,1,8,12,9,0,1,0.730520000011893,2,9,1,NaN,NaN,NaN,NaN,NaN,1,1,0,0,0,0,0,0,0,0,1,0,0,1,0,0,0,0,0,0,0,0,0,1,0,0,0,0,0,0,0,0,0,0,0,0,1,0,0,0,0,0,1,0,0,0,0,0,0,1,0,0,0,0,A132MSWBBVTOES,3II4UPYCOKN9OEDKS7YBANZUESMQDO
1,1,9,9,12,1,1,0.5317999999970198,1,9,1,NaN,NaN,NaN,NaN,NaN,1,1,0,0,0,0,0,0,0,0,1,0,0,1,0,0,0,0,0,0,0,0,0,1,0,0,0,0,0,0,0,0,0,0,0,0,1,0,0,0,0,0,0,0,0,0,0,0,0,1,0,0,1,0,A132MSWBBVTOES,3II4UPYCOKN9OEDKS7YBANZUESMQDO
1,1,10,9,2,0,0,0.5026199999992969,1,9,0,NaN,NaN,NaN,NaN,NaN,1,1,0,1,0,0,0,0,0,0,1,0,0,0,0,0,0,0,0,0,0,0,0,1,0,0,0,0,0,0,0,0,0,0,0,0,0,0,0,0,0,0,0,0,0,0,0,0,0,0,0,0,0,0,A132MSWBBVTOES,3II4UPYCOKN9OEDKS7YBANZUESMQDO
1,1,11,9,2,1,0,0.46339000000443775,1,9,1,NaN,NaN,NaN,NaN,NaN,1,1,0,1,0,0,0,0,0,0,1,0,0,0,0,0,0,0,0,0,0,0,0,1,0,0,0,0,0,0,0,0,0,0,0,0,1,0,0,0,0,0,0,0,0,0,0,0,0,1,0,0,0,0,A132MSWBBVTOES,3II4UPYCOKN9OEDKS7YBANZUESMQDO
1,1,12,9,12,0,1,0.39302000000316184,1,9,0,NaN,NaN,NaN,NaN,NaN,1,1,0,0,0,0,0,0,0,0,1,0,0,1,0,0,0,0,0,0,0,0,0,1,0,0,0,0,0,0,0,0,0,0,0,0,0,0,0,0,0,0,0,0,0,0,0,0,0,0,0,0,1,0,A132MSWBBVTOES,3II4UPYCOKN9OEDKS7YBANZUESMQDO
1,1,13,9,2,1,0,0.449350000009872,1,9,1,NaN,NaN,NaN,NaN,NaN,1,1,0,1,0,0,0,0,0,0,1,0,0,0,0,0,0,0,0,0,0,0,0,1,0,0,0,0,0,0,0,0,0,0,0,0,1,0,0,0,0,0,0,0,0,0,0,0,0,1,0,0,1,0,A132MSWBBVTOES,3II4UPYCOKN9OEDKS7YBANZUESMQDO
1,1,14,9,12,1,1,0.4474350000091363,1,9,1,NaN,NaN,NaN,NaN,NaN,1,1,0,0,0,0,0,0,0,0,1,0,0,1,0,0,0,0,0,0,0,0,0,1,0,0,0,0,0,0,0,0,0,0,0,0,1,0,0,0,0,0,0,0,0,0,0,0,0,1,0,0,1,0,A132MSWBBVTOES,3II4UPYCOKN9OEDKS7YBANZUESMQDO
1,1,15,2,12,1,1,0.5775500000017928,2,12,1,NaN,NaN,NaN,NaN,NaN,1,1,0,1,0,0,0,0,0,0,0,0,0,1,0,0,0,0,0,0,0,0,0,0,0,0,1,0,0,0,0,0,0,0,0,0,0,0,0,1,0,0,1,0,0,0,0,0,0,1,0,0,1,0,A132MSWBBVTOES,3II4UPYCOKN9OEDKS7YBANZUESMQDO
1,1,16,9,2,1,0,0.40828000000328757,1,9,1,NaN,NaN,NaN,NaN,NaN,1,1,0,1,0,0,0,0,0,0,1,0,0,0,0,0,0,0,0,0,0,0,0,1,0,0,0,0,0,0,0,0,0,0,0,0,1,0,0,0,0,0,0,0,0,0,0,0,0,1,0,0,0,0,A132MSWBBVTOES,3II4UPYCOKN9OEDKS7YBANZUESMQDO
1,2,1,12,10,1,0,0.7610750000021653,2,10,0,NaN,NaN,NaN,NaN,NaN,1,1,0,0,0,0,0,0,0,0,0,1,0,1,0,0,0,0,0,0,0,0,0,0,1,0,0,0,0,0,0,0,0,0,0,0,0,0,0,0,0,0,0,0,0,0,0,0,0,0,0,0,1,0,A132MSWBBVTOES,3II4UPYCOKN9OEDKS7YBANZUESMQDO
1,2,2,10,12,1,0,0.3999750000075437,2,12,0,NaN,NaN,NaN,NaN,NaN,1,1,0,0,0,0,0,0,0,0,0,1,0,1,0,0,0,0,0,0,0,0,0,0,0,0,1,0,0,0,0,0,0,0,0,0,0,0,0,0,0,0,0,0,0,0,0,0,0,0,1,0,0,0,A132MSWBBVTOES,3II4UPYCOKN9OEDKS7YBANZUESMQDO
1,2,3,10,12,0,1,0.549620000005234,1,10,0,NaN,NaN,NaN,NaN,NaN,1,1,0,0,0,0,0,0,0,0,0,1,0,1,0,0,0,0,0,0,0,0,0,0,1,0,0,0,0,0,0,0,0,0,0,0,0,0,0,0,0,0,1,0,0,0,0,0,0,0,0,0,1,0,A132MSWBBVTOES,3II4UPYCOKN9OEDKS7YBANZUESMQDO
1,2,4,10,12,1,0,0.3896999999997206,1,10,1,NaN,NaN,NaN,NaN,NaN,1,1,0,0,0,0,0,0,0,0,0,1,0,1,0,0,0,0,0,0,0,0,0,0,1,0,0,0,0,0,0,0,0,0,0,0,0,1,0,0,0,0,1,0,0,0,0,0,0,0,1,0,0,0,A132MSWBBVTOES,3II4UPYCOKN9OEDKS7YBANZUESMQDO
1,2,5,12,10,1,0,0.45965499999874737,2,10,0,NaN,NaN,NaN,NaN,NaN,1,1,0,0,0,0,0,0,0,0,0,1,0,1,0,0,0,0,0,0,0,0,0,0,1,0,0,0,0,0,0,0,0,0,0,0,0,0,0,0,0,0,0,0,0,0,0,0,0,0,0,0,1,0,A132MSWBBVTOES,3II4UPYCOKN9OEDKS7YBANZUESMQDO
1,2,6,10,12,0,1,0.3854599999904167,2,12,1,NaN,NaN,NaN,NaN,NaN,1,1,0,0,0,0,0,0,0,0,0,1,0,1,0,0,0,0,0,0,0,0,0,0,0,0,1,0,0,0,0,0,0,0,0,0,0,0,0,1,0,0,1,0,0,0,0,0,0,0,0,0,1,0,A132MSWBBVTOES,3II4UPYCOKN9OEDKS7YBANZUESMQDO
1,2,7,12,10,1,0,0.3934050000098068,1,12,1,NaN,NaN,NaN,NaN,NaN,1,1,0,0,0,0,0,0,0,0,0,1,0,1,0,0,0,0,0,0,0,0,0,0,0,0,1,0,0,0,0,0,0,0,0,0,0,0,0,1,0,0,0,0,0,0,0,0,0,0,0,0,1,0,A132MSWBBVTOES,3II4UPYCOKN9OEDKS7YBANZUESMQDO
1,2,8,2,10,1,0,0.8797150000027614,1,2,1,NaN,NaN,NaN,NaN,NaN,1,1,0,1,0,0,0,0,0,0,0,1,0,0,0,0,1,0,0,0,0,0,0,0,0,0,0,0,0,1,0,0,0,0,0,0,0,0,0,0,0,0,1,0,0,0,0,0,0,0,0,0,0,0,A132MSWBBVTOES,3II4UPYCOKN9OEDKS7YBANZUESMQDO
1,2,9,10,2,0,0,0.5532600000005914,1,10,0,NaN,NaN,NaN,NaN,NaN,1,1,0,1,0,0,0,0,0,0,0,1,0,0,0,0,0,0,0,0,0,0,0,0,1,0,0,0,0,0,0,0,0,0,0,0,0,0,0,0,0,0,0,0,0,0,0,0,0,0,0,0,1,0,A132MSWBBVTOES,3II4UPYCOKN9OEDKS7YBANZUESMQDO
1,2,10,12,2,0,1,0.4483299999992596,2,2,1,NaN,NaN,NaN,NaN,NaN,1,1,0,1,0,0,0,0,0,0,0,0,0,1,0,0,1,0,0,0,0,0,0,0,0,0,0,0,0,1,0,0,0,0,0,0,0,0,0,0,0,0,1,0,0,0,0,0,0,0,0,0,0,0,A132MSWBBVTOES,3II4UPYCOKN9OEDKS7YBANZUESMQDO
1,2,11,12,10,0,0,0.5649699999921722,1,12,0,NaN,NaN,NaN,NaN,NaN,1,1,0,0,0,0,0,0,0,0,0,1,0,1,0,0,0,0,0,0,0,0,0,0,0,0,1,0,0,0,0,0,0,0,0,0,0,0,0,0,0,0,0,0,0,0,0,0,0,0,0,0,0,0,A132MSWBBVTOES,3II4UPYCOKN9OEDKS7YBANZUESMQDO
1,2,12,2,12,1,1,0.4247299999988172,1,2,1,NaN,NaN,NaN,NaN,NaN,1,1,0,1,0,0,0,0,0,0,0,0,0,1,0,0,1,0,0,0,0,0,0,0,0,0,0,0,0,1,0,0,0,0,0,0,0,0,0,0,0,0,1,0,0,0,0,0,0,0,0,0,1,0,A132MSWBBVTOES,3II4UPYCOKN9OEDKS7YBANZUESMQDO
1,2,13,10,2,0,0,0.6195799999986775,2,2,0,NaN,NaN,NaN,NaN,NaN,1,1,0,1,0,0,0,0,0,0,0,1,0,0,0,0,1,0,0,0,0,0,0,0,0,0,0,0,0,0,0,0,0,0,0,0,0,0,0,0,0,0,0,0,0,0,0,0,0,0,0,0,1,0,A132MSWBBVTOES,3II4UPYCOKN9OEDKS7YBANZUESMQDO
1,2,14,12,2,0,1,0.730569999999716,2,2,1,NaN,NaN,NaN,NaN,NaN,1,1,0,1,0,0,0,0,0,0,0,0,0,1,0,0,1,0,0,0,0,0,0,0,0,0,0,0,0,1,0,0,0,0,0,0,0,0,0,0,0,0,1,0,0,0,0,0,0,0,1,0,0,0,A132MSWBBVTOES,3II4UPYCOKN9OEDKS7YBANZUESMQDO
1,3,1,9,12,1,0,0.6059800000075484,1,9,1,NaN,NaN,NaN,NaN,NaN,1,1,0,0,0,0,0,0,0,0,1,0,0,1,0,0,0,0,0,0,0,0,0,1,0,0,0,0,0,0,0,0,0,0,0,0,1,0,0,0,0,0,0,0,0,0,0,0,0,1,0,0,0,0,A132MSWBBVTOES,3II4UPYCOKN9OEDKS7YBANZUESMQDO
1,3,2,9,12,1,1,0.4044200000062119,1,9,1,NaN,NaN,NaN,NaN,NaN,1,1,0,0,0,0,0,0,0,0,1,0,0,1,0,0,0,0,0,0,0,0,0,1,0,0,0,0,0,0,0,0,0,0,0,0,1,0,0,0,0,0,0,0,0,0,0,0,0,1,0,0,1,0,A132MSWBBVTOES,3II4UPYCOKN9OEDKS7YBANZUESMQDO
1,3,3,9,12,0,0,0.3912500000005821,1,9,0,NaN,NaN,NaN,NaN,NaN,1,1,0,0,0,0,0,0,0,0,1,0,0,1,0,0,0,0,0,0,0,0,0,1,0,0,0,0,0,0,0,0,0,0,0,0,0,0,0,0,0,0,0,0,0,0,0,0,0,0,0,0,0,0,A132MSWBBVTOES,3II4UPYCOKN9OEDKS7YBANZUESMQDO
1,3,4,9,12,0,0,0.3628699999972014,1,9,0,NaN,NaN,NaN,NaN,NaN,1,1,0,0,0,0,0,0,0,0,1,0,0,1,0,0,0,0,0,0,0,0,0,1,0,0,0,0,0,0,0,0,0,0,0,0,0,0,0,0,0,0,0,0,0,0,0,0,0,0,0,0,0,0,A132MSWBBVTOES,3II4UPYCOKN9OEDKS7YBANZUESMQDO
1,3,5,9,12,1,1,0.3668599999946309,1,9,1,NaN,NaN,NaN,NaN,NaN,1,1,0,0,0,0,0,0,0,0,1,0,0,1,0,0,0,0,0,0,0,0,0,1,0,0,0,0,0,0,0,0,0,0,0,0,1,0,0,0,0,0,0,0,0,0,0,0,0,1,0,0,1,0,A132MSWBBVTOES,3II4UPYCOKN9OEDKS7YBANZUESMQDO
1,3,6,9,12,0,0,0.35316499999316875,1,9,0,NaN,NaN,NaN,NaN,NaN,1,1,0,0,0,0,0,0,0,0,1,0,0,1,0,0,0,0,0,0,0,0,0,1,0,0,0,0,0,0,0,0,0,0,0,0,0,0,0,0,0,0,0,0,0,0,0,0,0,0,0,0,0,0,A132MSWBBVTOES,3II4UPYCOKN9OEDKS7YBANZUESMQDO
1,3,7,12,9,1,0,0.7798750000074506,2,9,0,NaN,NaN,NaN,NaN,NaN,1,1,0,0,0,0,0,0,0,0,1,0,0,1,0,0,0,0,0,0,0,0,0,1,0,0,0,0,0,0,0,0,0,0,0,0,0,0,0,0,0,0,0,0,0,0,0,0,0,0,0,0,1,0,A132MSWBBVTOES,3II4UPYCOKN9OEDKS7YBANZUESMQDO
1,3,8,9,12,1,1,0.4106549999996787,2,12,1,NaN,NaN,NaN,NaN,NaN,1,1,0,0,0,0,0,0,0,0,1,0,0,1,0,0,0,0,0,0,0,0,0,0,0,0,1,0,0,0,0,0,0,0,0,0,0,0,0,1,0,0,0,0,0,0,0,0,0,1,0,0,1,0,A132MSWBBVTOES,3II4UPYCOKN9OEDKS7YBANZUESMQDO
1,3,9,12,9,1,1,0.453349999996135,1,12,1,NaN,NaN,NaN,NaN,NaN,1,1,0,0,0,0,0,0,0,0,1,0,0,1,0,0,0,0,0,0,0,0,0,0,0,0,1,0,0,0,0,0,0,0,0,0,0,0,0,1,0,0,0,0,0,0,0,0,0,1,0,0,1,0,A132MSWBBVTOES,3II4UPYCOKN9OEDKS7YBANZUESMQDO
1,3,10,12,13,1,0,0.5763349999906495,1,12,1,NaN,NaN,NaN,NaN,NaN,1,1,0,0,0,0,0,0,0,0,0,0,0,1,1,0,0,0,0,0,0,0,0,0,0,0,1,0,0,0,0,0,0,0,0,0,0,0,0,1,0,0,0,0,0,0,0,0,0,0,0,0,1,0,A132MSWBBVTOES,3II4UPYCOKN9OEDKS7YBANZUESMQDO
1,3,11,9,12,1,0,0.3600950000109151,2,12,0,NaN,NaN,NaN,NaN,NaN,1,1,0,0,0,0,0,0,0,0,1,0,0,1,0,0,0,0,0,0,0,0,0,0,0,0,1,0,0,0,0,0,0,0,0,0,0,0,0,0,0,0,0,0,0,0,0,0,0,1,0,0,0,1,A132MSWBBVTOES,3II4UPYCOKN9OEDKS7YBANZUESMQDO
1,3,12,13,12,1,1,0.6006250000064028,2,12,1,NaN,NaN,NaN,NaN,NaN,1,1,0,0,0,0,0,0,0,0,0,0,0,1,1,0,0,0,0,0,0,0,0,0,0,0,1,0,0,0,0,0,0,0,0,0,0,0,0,1,0,0,0,0,0,0,0,0,0,0,0,0,1,1,A132MSWBBVTOES,3II4UPYCOKN9OEDKS7YBANZUESMQDO
1,3,13,12,13,1,1,0.3765549999952782,2,13,1,NaN,NaN,NaN,NaN,NaN,1,1,0,0,0,0,0,0,0,0,0,0,0,1,1,0,0,0,0,0,0,0,0,0,0,0,0,1,0,0,0,0,0,0,0,0,0,0,0,0,1,0,0,0,0,0,0,0,0,1,0,0,1,1,A132MSWBBVTOES,3II4UPYCOKN9OEDKS7YBANZUESMQDO
1,4,1,10,7,0,0,0.6465450000105193,2,7,0,NaN,NaN,NaN,NaN,NaN,1,1,0,0,0,0,0,0,1,0,0,1,0,0,0,0,0,0,0,0,0,1,0,0,0,0,0,0,0,0,0,0,0,0,0,0,0,0,0,0,0,0,0,0,0,0,0,0,0,1,0,0,0,0,A132MSWBBVTOES,3II4UPYCOKN9OEDKS7YBANZUESMQDO
1,4,2,10,7,1,0,0.4408199999888893,1,10,1,NaN,NaN,NaN,NaN,NaN,1,1,0,0,0,0,0,0,1,0,0,1,0,0,0,0,0,0,0,0,0,0,0,0,1,0,0,0,0,0,0,0,0,0,0,0,0,1,0,0,0,0,0,0,0,0,0,0,0,0,1,0,0,0,A132MSWBBVTOES,3II4UPYCOKN9OEDKS7YBANZUESMQDO
1,4,3,10,7,1,0,0.3959599999943748,1,10,1,NaN,NaN,NaN,NaN,NaN,1,1,0,0,0,0,0,0,1,0,0,1,0,0,0,0,0,0,0,0,0,0,0,0,1,0,0,0,0,0,0,0,0,0,0,0,0,1,0,0,0,0,0,0,0,0,0,0,0,0,1,0,0,0,A132MSWBBVTOES,3II4UPYCOKN9OEDKS7YBANZUESMQDO
1,4,4,7,10,0,1,0.3893300000054296,2,10,1,NaN,NaN,NaN,NaN,NaN,1,1,0,0,0,0,0,0,1,0,0,1,0,0,0,0,0,0,0,0,0,0,0,0,1,0,0,0,0,0,0,0,0,0,0,0,0,1,0,0,0,0,0,0,0,0,0,0,0,1,1,0,0,0,A132MSWBBVTOES,3II4UPYCOKN9OEDKS7YBANZUESMQDO
1,4,5,10,7,1,0,0.4034350000001723,1,10,1,NaN,NaN,NaN,NaN,NaN,1,1,0,0,0,0,0,0,1,0,0,1,0,0,0,0,0,0,0,0,0,0,0,0,1,0,0,0,0,0,0,0,0,0,0,0,0,1,0,0,0,0,0,0,0,0,0,0,0,1,1,0,0,0,A132MSWBBVTOES,3II4UPYCOKN9OEDKS7YBANZUESMQDO
1,4,6,7,10,1,0,0.3494350000109989,2,10,0,NaN,NaN,NaN,NaN,NaN,1,1,0,0,0,0,0,0,1,0,0,1,0,0,0,0,0,0,0,0,0,0,0,0,1,0,0,0,0,0,0,0,0,0,0,0,0,0,0,0,0,0,0,0,0,0,0,1,0,1,0,0,0,0,A132MSWBBVTOES,3II4UPYCOKN9OEDKS7YBANZUESMQDO
1,4,7,7,10,0,1,0.3560299999953713,2,10,1,NaN,NaN,NaN,NaN,NaN,1,1,0,0,0,0,0,0,1,0,0,1,0,0,0,0,0,0,0,0,0,0,0,0,1,0,0,0,0,0,0,0,0,0,0,0,0,1,0,0,0,0,0,0,0,0,0,0,0,0,1,0,0,0,A132MSWBBVTOES,3II4UPYCOKN9OEDKS7YBANZUESMQDO
1,4,8,10,7,1,0,0.3956000000034692,1,10,1,NaN,NaN,NaN,NaN,NaN,1,1,0,0,0,0,0,0,1,0,0,1,0,0,0,0,0,0,0,0,0,0,0,0,1,0,0,0,0,0,0,0,0,0,0,0,0,1,0,0,0,0,0,0,0,0,0,0,0,0,1,0,0,0,A132MSWBBVTOES,3II4UPYCOKN9OEDKS7YBANZUESMQDO
1,4,9,7,10,0,1,0.38461500000266824,2,10,1,NaN,NaN,NaN,NaN,NaN,1,1,0,0,0,0,0,0,1,0,0,1,0,0,0,0,0,0,0,0,0,0,0,0,1,0,0,0,0,0,0,0,0,0,0,0,0,1,0,0,0,0,0,0,0,0,0,0,0,1,1,0,0,0,A132MSWBBVTOES,3II4UPYCOKN9OEDKS7YBANZUESMQDO
1,4,10,7,10,1,1,0.3480450000060955,2,10,1,NaN,NaN,NaN,NaN,NaN,1,1,0,0,0,0,0,0,1,0,0,1,0,0,0,0,0,0,0,0,0,0,0,0,1,0,0,0,0,0,0,0,0,0,0,0,0,1,0,0,0,0,0,0,0,0,0,1,0,1,1,0,0,0,A132MSWBBVTOES,3II4UPYCOKN9OEDKS7YBANZUESMQDO
1,4,11,10,9,1,0,0.4348949999985052,1,10,1,NaN,NaN,NaN,NaN,NaN,1,1,0,0,0,0,0,0,0,0,1,1,0,0,0,0,0,0,0,0,0,0,0,0,1,0,0,0,0,0,0,0,0,0,0,0,0,1,0,0,0,0,0,0,0,0,0,0,0,0,1,0,0,0,A132MSWBBVTOES,3II4UPYCOKN9OEDKS7YBANZUESMQDO
1,4,12,10,9,1,1,0.42278999999689404,1,10,1,NaN,NaN,NaN,NaN,NaN,1,1,0,0,0,0,0,0,0,0,1,1,0,0,0,0,0,0,0,0,0,0,0,0,1,0,0,0,0,0,0,0,0,0,0,0,0,1,0,0,0,0,0,0,0,0,0,0,0,1,1,0,0,0,A132MSWBBVTOES,3II4UPYCOKN9OEDKS7YBANZUESMQDO
1,4,13,9,7,0,1,0.8482599999988452,1,9,0,NaN,NaN,NaN,NaN,NaN,1,1,0,0,0,0,0,0,1,0,1,0,0,0,0,0,0,0,0,0,0,0,0,1,0,0,0,0,0,0,0,0,0,0,0,0,0,0,0,0,0,0,0,0,0,0,0,1,0,0,0,0,0,0,A132MSWBBVTOES,3II4UPYCOKN9OEDKS7YBANZUESMQDO
1,5,1,7,2,0,0,0.5232700000051409,1,7,0,NaN,NaN,NaN,NaN,NaN,1,1,0,1,0,0,0,0,1,0,0,0,0,0,0,0,0,0,0,0,0,1,0,0,0,0,0,0,0,0,0,0,0,0,0,0,0,0,0,0,0,0,0,0,1,0,0,0,0,0,0,0,0,0,A132MSWBBVTOES,3II4UPYCOKN9OEDKS7YBANZUESMQDO
1,5,2,2,7,0,0,0.4566650000051595,1,2,0,NaN,NaN,NaN,NaN,NaN,1,1,0,1,0,0,0,0,1,0,0,0,0,0,0,0,1,0,0,0,0,0,0,0,0,0,0,0,0,0,0,0,0,0,0,0,0,0,0,0,0,0,0,0,1,0,0,0,0,0,0,0,0,0,A132MSWBBVTOES,3II4UPYCOKN9OEDKS7YBANZUESMQDO
1,5,3,2,7,0,0,0.5039400000096066,2,7,0,NaN,NaN,NaN,NaN,NaN,1,1,0,1,0,0,0,0,1,0,0,0,0,0,0,0,0,0,0,0,0,1,0,0,0,0,0,0,0,0,0,0,0,0,0,0,0,0,0,0,0,0,0,0,1,0,0,0,0,0,0,0,0,0,A132MSWBBVTOES,3II4UPYCOKN9OEDKS7YBANZUESMQDO
1,5,4,7,2,0,0,0.4954699999943841,2,2,0,NaN,NaN,NaN,NaN,NaN,1,1,0,1,0,0,0,0,1,0,0,0,0,0,0,0,1,0,0,0,0,0,0,0,0,0,0,0,0,0,0,0,0,0,0,0,0,0,0,0,0,0,0,0,1,0,0,0,0,0,0,0,0,0,A132MSWBBVTOES,3II4UPYCOKN9OEDKS7YBANZUESMQDO
1,5,5,2,7,0,0,0.8805050000082701,2,7,0,NaN,NaN,NaN,NaN,NaN,1,1,0,1,0,0,0,0,1,0,0,0,0,0,0,0,0,0,0,0,0,1,0,0,0,0,0,0,0,0,0,0,0,0,0,0,0,0,0,0,0,0,0,0,0,0,0,0,0,0,0,0,0,0,A132MSWBBVTOES,3II4UPYCOKN9OEDKS7YBANZUESMQDO
1,5,6,2,7,1,0,0.3855199999961769,2,7,0,NaN,NaN,NaN,NaN,NaN,1,1,0,1,0,0,0,0,1,0,0,0,0,0,0,0,0,0,0,0,0,1,0,0,0,0,0,0,0,0,0,0,0,0,0,0,0,0,0,0,0,0,1,0,1,0,0,0,0,0,0,0,0,0,A132MSWBBVTOES,3II4UPYCOKN9OEDKS7YBANZUESMQDO
1,5,7,4,2,1,1,0.4058249999943655,2,2,1,NaN,NaN,NaN,NaN,NaN,1,1,0,1,0,1,0,0,0,0,0,0,0,0,0,0,1,0,0,0,0,0,0,0,0,0,0,0,0,1,0,0,0,0,0,0,0,0,0,0,0,0,1,0,1,0,0,0,0,0,0,0,0,0,A132MSWBBVTOES,3II4UPYCOKN9OEDKS7YBANZUESMQDO
1,5,8,2,7,1,0,0.5940499999996973,1,2,1,NaN,NaN,NaN,NaN,NaN,1,1,0,1,0,0,0,0,1,0,0,0,0,0,0,0,1,0,0,0,0,0,0,0,0,0,0,0,0,1,0,0,0,0,0,0,0,0,0,0,0,0,1,0,1,0,0,0,0,0,0,0,0,0,A132MSWBBVTOES,3II4UPYCOKN9OEDKS7YBANZUESMQDO
1,5,9,7,4,1,1,0.5740099999966333,2,4,1,NaN,NaN,NaN,NaN,NaN,1,1,0,0,0,1,0,0,1,0,0,0,0,0,0,0,0,0,1,0,0,0,0,0,0,0,0,0,0,0,0,1,0,0,0,0,0,0,0,0,0,0,1,0,1,0,0,1,0,0,0,0,0,0,A132MSWBBVTOES,3II4UPYCOKN9OEDKS7YBANZUESMQDO
1,5,10,7,2,0,0,0.873859999992419,2,2,0,NaN,NaN,NaN,NaN,NaN,1,1,0,1,0,0,0,0,1,0,0,0,0,0,0,0,1,0,0,0,0,0,0,0,0,0,0,0,0,0,0,0,0,0,0,0,0,0,0,0,0,0,0,0,0,0,0,0,0,0,0,0,0,0,A132MSWBBVTOES,3II4UPYCOKN9OEDKS7YBANZUESMQDO
1,5,11,4,2,1,1,0.7093099999910919,1,4,1,NaN,NaN,NaN,NaN,NaN,1,1,0,1,0,1,0,0,0,0,0,0,0,0,0,0,0,0,1,0,0,0,0,0,0,0,0,0,0,0,0,1,0,0,0,0,0,0,0,0,0,0,1,0,1,0,0,0,0,0,0,0,0,0,A132MSWBBVTOES,3II4UPYCOKN9OEDKS7YBANZUESMQDO
1,5,12,7,4,0,1,0.4060849999950733,2,4,1,NaN,NaN,NaN,NaN,NaN,1,1,0,0,0,1,0,0,1,0,0,0,0,0,0,0,0,0,1,0,0,0,0,0,0,0,0,0,0,0,0,1,0,0,0,0,0,0,0,0,0,0,1,0,1,0,0,0,0,0,0,0,0,0,A132MSWBBVTOES,3II4UPYCOKN9OEDKS7YBANZUESMQDO
1,5,13,7,4,0,1,0.5163049999973737,2,4,1,NaN,NaN,NaN,NaN,NaN,1,1,0,0,0,1,0,0,1,0,0,0,0,0,0,0,0,0,1,0,0,0,0,0,0,0,0,0,0,0,0,1,0,0,0,0,0,0,0,0,0,0,0,0,1,0,0,0,0,0,0,0,0,0,A132MSWBBVTOES,3II4UPYCOKN9OEDKS7YBANZUESMQDO
1,5,14,2,7,1,1,0.5211500000004889,1,2,1,NaN,NaN,NaN,NaN,NaN,1,1,0,1,0,0,0,0,1,0,0,0,0,0,0,0,1,0,0,0,0,0,0,0,0,0,0,0,0,1,0,0,0,0,0,0,0,0,0,0,0,0,1,0,0,0,0,1,0,0,0,0,0,0,A132MSWBBVTOES,3II4UPYCOKN9OEDKS7YBANZUESMQDO
1,5,15,7,2,1,0,0.45777999999700114,2,2,0,NaN,NaN,NaN,NaN,NaN,1,1,0,1,0,0,0,0,1,0,0,0,0,0,0,0,1,0,0,0,0,0,0,0,0,0,0,0,0,0,0,0,0,0,0,0,0,0,0,0,0,0,0,0,1,0,0,1,0,0,0,0,0,0,A132MSWBBVTOES,3II4UPYCOKN9OEDKS7YBANZUESMQDO
1,5,16,7,4,0,1,0.6041850000037812,2,4,1,NaN,NaN,NaN,NaN,NaN,1,1,0,0,0,1,0,0,1,0,0,0,0,0,0,0,0,0,1,0,0,0,0,0,0,0,0,0,0,0,0,1,0,0,0,0,0,0,0,0,0,0,1,0,1,0,0,0,0,0,0,0,0,0,A132MSWBBVTOES,3II4UPYCOKN9OEDKS7YBANZUESMQDO
1,6,1,10,3,0,0,0.5107850000058534,1,10,0,NaN,NaN,NaN,NaN,NaN,1,1,0,0,1,0,0,0,0,0,0,1,0,0,0,0,0,0,0,0,0,0,0,0,1,0,0,0,0,0,0,0,0,0,0,0,0,0,0,0,0,0,0,0,0,0,0,0,0,0,0,0,0,0,A132MSWBBVTOES,3II4UPYCOKN9OEDKS7YBANZUESMQDO
1,6,2,10,3,0,0,0.3119250000017928,2,3,0,NaN,NaN,NaN,NaN,NaN,1,1,0,0,1,0,0,0,0,0,0,1,0,0,0,0,0,1,0,0,0,0,0,0,0,0,0,0,0,0,0,0,0,0,0,0,0,0,0,0,0,0,0,0,0,0,0,0,0,1,0,0,0,0,A132MSWBBVTOES,3II4UPYCOKN9OEDKS7YBANZUESMQDO
1,6,3,10,3,1,0,0.38108500000089407,2,3,0,NaN,NaN,NaN,NaN,NaN,1,1,0,0,1,0,0,0,0,0,0,1,0,0,0,0,0,1,0,0,0,0,0,0,0,0,0,0,0,0,0,0,0,0,0,0,0,0,0,0,0,0,0,0,0,0,0,0,0,0,1,0,0,0,A132MSWBBVTOES,3II4UPYCOKN9OEDKS7YBANZUESMQDO
1,6,4,10,3,0,0,0.2930400000041118,2,3,0,NaN,NaN,NaN,NaN,NaN,1,1,0,0,1,0,0,0,0,0,0,1,0,0,0,0,0,1,0,0,0,0,0,0,0,0,0,0,0,0,0,0,0,0,0,0,0,0,0,0,0,0,0,0,0,0,0,0,0,1,0,0,0,0,A132MSWBBVTOES,3II4UPYCOKN9OEDKS7YBANZUESMQDO
1,6,5,3,10,0,0,0.3944200000114506,2,10,0,NaN,NaN,NaN,NaN,NaN,1,1,0,0,1,0,0,0,0,0,0,1,0,0,0,0,0,0,0,0,0,0,0,0,1,0,0,0,0,0,0,0,0,0,0,0,0,0,0,0,0,0,0,0,0,0,0,0,0,0,0,0,0,0,A132MSWBBVTOES,3II4UPYCOKN9OEDKS7YBANZUESMQDO
1,6,6,10,3,1,1,0.4122650000063004,1,10,1,NaN,NaN,NaN,NaN,NaN,1,1,0,0,1,0,0,0,0,0,0,1,0,0,0,0,0,0,0,0,0,0,0,0,1,0,0,0,0,0,0,0,0,0,0,0,0,1,0,0,0,0,0,1,0,0,0,0,0,0,1,0,0,0,A132MSWBBVTOES,3II4UPYCOKN9OEDKS7YBANZUESMQDO
1,6,7,10,3,1,1,0.3840150000032736,1,10,1,NaN,NaN,NaN,NaN,NaN,1,1,0,0,1,0,0,0,0,0,0,1,0,0,0,0,0,0,0,0,0,0,0,0,1,0,0,0,0,0,0,0,0,0,0,0,0,1,0,0,0,0,0,1,0,0,0,0,0,1,1,0,0,0,A132MSWBBVTOES,3II4UPYCOKN9OEDKS7YBANZUESMQDO
1,6,8,3,10,0,0,0.44854500000656117,2,10,0,NaN,NaN,NaN,NaN,NaN,1,1,0,0,1,0,0,0,0,0,0,1,0,0,0,0,0,0,0,0,0,0,0,0,1,0,0,0,0,0,0,0,0,0,0,0,0,0,0,0,0,0,0,0,0,0,0,0,0,0,0,0,0,0,A132MSWBBVTOES,3II4UPYCOKN9OEDKS7YBANZUESMQDO
1,6,9,3,10,0,1,0.35869999999704305,2,10,1,NaN,NaN,NaN,NaN,NaN,1,1,0,0,1,0,0,0,0,0,0,1,0,0,0,0,0,0,0,0,0,0,0,0,1,0,0,0,0,0,0,0,0,0,0,0,0,1,0,0,0,0,0,0,0,0,0,0,0,0,1,0,0,0,A132MSWBBVTOES,3II4UPYCOKN9OEDKS7YBANZUESMQDO
1,6,10,3,10,0,1,0.3458599999867147,2,10,1,NaN,NaN,NaN,NaN,NaN,1,1,0,0,1,0,0,0,0,0,0,1,0,0,0,0,0,0,0,0,0,0,0,0,1,0,0,0,0,0,0,0,0,0,0,0,0,1,0,0,0,0,0,0,0,0,0,0,0,1,1,0,0,0,A132MSWBBVTOES,3II4UPYCOKN9OEDKS7YBANZUESMQDO
1,6,11,10,3,0,0,0.37021500000264496,1,10,0,NaN,NaN,NaN,NaN,NaN,1,1,0,0,1,0,0,0,0,0,0,1,0,0,0,0,0,0,0,0,0,0,0,0,1,0,0,0,0,0,0,0,0,0,0,0,0,0,0,0,0,0,0,0,0,0,0,0,0,0,0,0,0,0,A132MSWBBVTOES,3II4UPYCOKN9OEDKS7YBANZUESMQDO
1,6,12,9,10,1,1,0.4358499999943888,2,10,1,NaN,NaN,NaN,NaN,NaN,1,1,0,0,0,0,0,0,0,0,1,1,0,0,0,0,0,0,0,0,0,0,0,0,1,0,0,0,0,0,0,0,0,0,0,0,0,1,0,0,0,0,0,0,0,0,0,0,0,1,1,0,0,0,A132MSWBBVTOES,3II4UPYCOKN9OEDKS7YBANZUESMQDO
1,6,13,10,9,1,1,0.47722000000067055,2,9,1,NaN,NaN,NaN,NaN,NaN,1,1,0,0,0,0,0,0,0,0,1,1,0,0,0,0,0,0,0,0,0,0,0,1,0,0,0,0,0,0,0,0,0,0,0,0,1,0,0,0,0,0,0,1,0,0,0,0,0,1,1,0,0,0,A132MSWBBVTOES,3II4UPYCOKN9OEDKS7YBANZUESMQDO
1,6,14,10,9,1,1,0.39739499999268446,2,9,1,NaN,NaN,NaN,NaN,NaN,1,1,0,0,0,0,0,0,0,0,1,1,0,0,0,0,0,0,0,0,0,0,0,1,0,0,0,0,0,0,0,0,0,0,0,0,1,0,0,0,0,0,0,0,0,0,0,0,0,1,1,0,0,0,A132MSWBBVTOES,3II4UPYCOKN9OEDKS7YBANZUESMQDO
1,7,1,7,12,0,1,0.7078849999961676,2,12,1,NaN,NaN,NaN,NaN,NaN,1,1,0,0,0,0,0,0,1,0,0,0,0,1,0,0,0,0,0,0,0,0,0,0,0,0,1,0,0,0,0,0,0,0,0,0,0,0,0,1,0,0,0,0,0,0,1,0,0,0,0,0,1,0,A132MSWBBVTOES,3II4UPYCOKN9OEDKS7YBANZUESMQDO
1,7,2,7,12,0,1,0.30578500000410713,2,12,1,NaN,NaN,NaN,NaN,NaN,1,1,0,0,0,0,0,0,1,0,0,0,0,1,0,0,0,0,0,0,0,0,0,0,0,0,1,0,0,0,0,0,0,0,0,0,0,0,0,1,0,0,0,0,0,0,0,0,0,0,0,0,1,0,A132MSWBBVTOES,3II4UPYCOKN9OEDKS7YBANZUESMQDO
1,7,3,7,12,0,1,0.4502400000055786,2,12,1,NaN,NaN,NaN,NaN,NaN,1,1,0,0,0,0,0,0,1,0,0,0,0,1,0,0,0,0,0,0,0,0,0,0,0,0,1,0,0,0,0,0,0,0,0,0,0,0,0,1,0,0,0,0,0,0,1,0,0,0,0,0,1,0,A132MSWBBVTOES,3II4UPYCOKN9OEDKS7YBANZUESMQDO
1,7,4,7,12,0,1,0.3102950000029523,2,12,1,NaN,NaN,NaN,NaN,NaN,1,1,0,0,0,0,0,0,1,0,0,0,0,1,0,0,0,0,0,0,0,0,0,0,0,0,1,0,0,0,0,0,0,0,0,0,0,0,0,1,0,0,0,0,0,0,1,0,0,0,0,0,1,0,A132MSWBBVTOES,3II4UPYCOKN9OEDKS7YBANZUESMQDO
1,7,5,7,12,0,1,0.35003499999584164,2,12,1,NaN,NaN,NaN,NaN,NaN,1,1,0,0,0,0,0,0,1,0,0,0,0,1,0,0,0,0,0,0,0,0,0,0,0,0,1,0,0,0,0,0,0,0,0,0,0,0,0,1,0,0,0,0,0,0,0,0,0,0,0,0,1,0,A132MSWBBVTOES,3II4UPYCOKN9OEDKS7YBANZUESMQDO
1,7,6,7,12,0,1,0.3698949999961769,2,12,1,NaN,NaN,NaN,NaN,NaN,1,1,0,0,0,0,0,0,1,0,0,0,0,1,0,0,0,0,0,0,0,0,0,0,0,0,1,0,0,0,0,0,0,0,0,0,0,0,0,1,0,0,0,0,0,0,0,0,0,0,0,0,1,0,A132MSWBBVTOES,3II4UPYCOKN9OEDKS7YBANZUESMQDO
1,7,7,12,7,0,1,0.39948500000173226,1,12,0,NaN,NaN,NaN,NaN,NaN,1,1,0,0,0,0,0,0,1,0,0,0,0,1,0,0,0,0,0,0,0,0,0,0,0,0,1,0,0,0,0,0,0,0,0,0,0,0,0,0,0,0,0,0,0,0,1,1,0,0,0,0,0,0,A132MSWBBVTOES,3II4UPYCOKN9OEDKS7YBANZUESMQDO
1,7,8,6,7,0,1,0.7268299999996088,1,6,0,NaN,NaN,NaN,NaN,NaN,1,1,0,0,0,0,0,1,1,0,0,0,0,0,0,0,0,0,0,0,1,0,0,0,0,0,0,0,0,0,0,0,0,0,0,0,0,0,0,0,0,0,0,0,0,0,0,1,0,0,0,0,0,0,A132MSWBBVTOES,3II4UPYCOKN9OEDKS7YBANZUESMQDO
1,7,9,7,12,0,1,0.4642549999989569,2,12,1,NaN,NaN,NaN,NaN,NaN,1,1,0,0,0,0,0,0,1,0,0,0,0,1,0,0,0,0,0,0,0,0,0,0,0,0,1,0,0,0,0,0,0,0,0,0,0,0,0,1,0,0,0,0,0,0,1,0,0,0,0,0,1,0,A132MSWBBVTOES,3II4UPYCOKN9OEDKS7YBANZUESMQDO
1,7,10,12,6,0,1,0.6248100000084378,2,6,1,NaN,NaN,NaN,NaN,NaN,1,1,0,0,0,0,0,1,0,0,0,0,0,1,0,0,0,0,0,0,1,0,0,0,0,0,0,0,0,0,0,0,0,1,0,0,0,0,0,0,0,0,0,0,0,0,1,0,0,0,0,0,0,0,A132MSWBBVTOES,3II4UPYCOKN9OEDKS7YBANZUESMQDO
1,7,11,7,12,0,1,0.37622000000556,2,12,1,NaN,NaN,NaN,NaN,NaN,1,1,0,0,0,0,0,0,1,0,0,0,0,1,0,0,0,0,0,0,0,0,0,0,0,0,1,0,0,0,0,0,0,0,0,0,0,0,0,1,0,0,0,0,0,0,1,0,0,0,0,0,1,0,A132MSWBBVTOES,3II4UPYCOKN9OEDKS7YBANZUESMQDO
1,7,12,6,12,0,0,0.3759850000060396,2,12,0,NaN,NaN,NaN,NaN,NaN,1,1,0,0,0,0,0,1,0,0,0,0,0,1,0,0,0,0,0,0,0,0,0,0,0,0,1,0,0,0,0,0,0,0,0,0,0,0,0,0,0,0,0,0,0,0,0,0,0,0,0,0,0,0,A132MSWBBVTOES,3II4UPYCOKN9OEDKS7YBANZUESMQDO
1,7,13,7,12,1,0,0.4373150000028545,2,12,0,NaN,NaN,NaN,NaN,NaN,1,1,0,0,0,0,0,0,1,0,0,0,0,1,0,0,0,0,0,0,0,0,0,0,0,0,1,0,0,0,0,0,0,0,0,0,0,0,0,0,0,0,0,0,0,0,0,1,0,0,0,0,0,0,A132MSWBBVTOES,3II4UPYCOKN9OEDKS7YBANZUESMQDO
1,7,14,12,6,0,0,0.5511050000059186,1,12,0,NaN,NaN,NaN,NaN,NaN,1,1,0,0,0,0,0,1,0,0,0,0,0,1,0,0,0,0,0,0,0,0,0,0,0,0,1,0,0,0,0,0,0,0,0,0,0,0,0,0,0,0,0,0,0,0,0,0,0,0,0,0,0,0,A132MSWBBVTOES,3II4UPYCOKN9OEDKS7YBANZUESMQDO
1,8,1,5,2,1,0,0.9150749999971595,1,5,1,NaN,NaN,NaN,NaN,NaN,1,1,0,1,0,0,1,0,0,0,0,0,0,0,0,0,0,0,0,1,0,0,0,0,0,0,0,0,0,0,0,0,1,0,0,0,0,0,0,0,0,0,0,0,0,1,0,0,0,0,0,0,0,0,A132MSWBBVTOES,3II4UPYCOKN9OEDKS7YBANZUESMQDO
1,8,2,5,2,1,1,0.2787549999920884,1,5,1,NaN,NaN,NaN,NaN,NaN,1,1,0,1,0,0,1,0,0,0,0,0,0,0,0,0,0,0,0,1,0,0,0,0,0,0,0,0,0,0,0,0,1,0,0,0,0,0,0,0,0,0,1,0,0,1,0,0,0,0,0,0,0,0,A132MSWBBVTOES,3II4UPYCOKN9OEDKS7YBANZUESMQDO
1,8,3,5,2,1,1,0.3088750000024447,1,5,1,NaN,NaN,NaN,NaN,NaN,1,1,0,1,0,0,1,0,0,0,0,0,0,0,0,0,0,0,0,1,0,0,0,0,0,0,0,0,0,0,0,0,1,0,0,0,0,0,0,0,0,0,1,0,0,1,0,0,0,0,0,0,0,0,A132MSWBBVTOES,3II4UPYCOKN9OEDKS7YBANZUESMQDO
1,8,4,5,2,0,1,0.3177050000085728,1,5,0,NaN,NaN,NaN,NaN,NaN,1,1,0,1,0,0,1,0,0,0,0,0,0,0,0,0,0,0,0,1,0,0,0,0,0,0,0,0,0,0,0,0,0,0,0,0,0,0,0,0,0,0,1,0,0,0,1,0,0,0,0,0,0,0,A132MSWBBVTOES,3II4UPYCOKN9OEDKS7YBANZUESMQDO
1,8,5,5,2,1,0,0.3560250000009546,1,5,1,NaN,NaN,NaN,NaN,NaN,1,1,0,1,0,0,1,0,0,0,0,0,0,0,0,0,0,0,0,1,0,0,0,0,0,0,0,0,0,0,0,0,1,0,0,0,0,0,0,0,0,0,0,0,0,1,1,0,0,0,0,0,0,0,A132MSWBBVTOES,3II4UPYCOKN9OEDKS7YBANZUESMQDO
1,8,6,2,5,1,1,0.45761000001220964,2,5,1,NaN,NaN,NaN,NaN,NaN,1,1,0,1,0,0,1,0,0,0,0,0,0,0,0,0,0,0,0,1,0,0,0,0,0,0,0,0,0,0,0,0,1,0,0,0,0,0,0,0,0,0,1,0,0,1,0,0,0,0,0,0,0,0,A132MSWBBVTOES,3II4UPYCOKN9OEDKS7YBANZUESMQDO
1,8,7,2,5,0,1,0.3755200000014156,2,5,1,NaN,NaN,NaN,NaN,NaN,1,1,0,1,0,0,1,0,0,0,0,0,0,0,0,0,0,0,0,1,0,0,0,0,0,0,0,0,0,0,0,0,1,0,0,0,0,0,0,0,0,0,0,0,0,1,0,0,0,0,0,0,0,0,A132MSWBBVTOES,3II4UPYCOKN9OEDKS7YBANZUESMQDO
1,8,8,2,5,0,0,0.33803500000794884,2,5,0,NaN,NaN,NaN,NaN,NaN,1,1,0,1,0,0,1,0,0,0,0,0,0,0,0,0,0,0,0,1,0,0,0,0,0,0,0,0,0,0,0,0,0,0,0,0,0,0,0,0,0,0,0,0,0,0,0,0,0,0,0,0,0,0,A132MSWBBVTOES,3II4UPYCOKN9OEDKS7YBANZUESMQDO
1,8,9,2,5,1,1,0.36019500000111293,2,5,1,NaN,NaN,NaN,NaN,NaN,1,1,0,1,0,0,1,0,0,0,0,0,0,0,0,0,0,0,0,1,0,0,0,0,0,0,0,0,0,0,0,0,1,0,0,0,0,0,0,0,0,0,1,0,0,1,0,0,0,0,0,0,0,0,A132MSWBBVTOES,3II4UPYCOKN9OEDKS7YBANZUESMQDO
1,8,10,6,2,1,1,0.633430000001681,1,6,1,NaN,NaN,NaN,NaN,NaN,1,1,0,1,0,0,0,1,0,0,0,0,0,0,0,0,0,0,0,0,1,0,0,0,0,0,0,0,0,0,0,0,0,1,0,0,0,0,0,0,0,0,1,0,0,1,1,0,0,0,0,0,0,0,A132MSWBBVTOES,3II4UPYCOKN9OEDKS7YBANZUESMQDO
1,8,11,6,2,0,0,0.3838099999993574,1,6,0,NaN,NaN,NaN,NaN,NaN,1,1,0,1,0,0,0,1,0,0,0,0,0,0,0,0,0,0,0,0,1,0,0,0,0,0,0,0,0,0,0,0,0,0,0,0,0,0,0,0,0,0,0,0,0,1,0,0,0,0,0,0,0,0,A132MSWBBVTOES,3II4UPYCOKN9OEDKS7YBANZUESMQDO
1,8,12,5,6,1,0,0.5338400000036927,1,5,1,NaN,NaN,NaN,NaN,NaN,1,1,0,0,0,0,1,1,0,0,0,0,0,0,0,0,0,0,0,1,0,0,0,0,0,0,0,0,0,0,0,0,1,0,0,0,0,0,0,0,0,0,1,0,0,1,0,0,0,0,0,0,0,0,A132MSWBBVTOES,3II4UPYCOKN9OEDKS7YBANZUESMQDO
1,8,13,5,6,0,0,0.3877550000033807,1,5,0,NaN,NaN,NaN,NaN,NaN,1,1,0,0,0,0,1,1,0,0,0,0,0,0,0,0,0,0,0,1,0,0,0,0,0,0,0,0,0,0,0,0,0,0,0,0,0,0,0,0,0,0,0,0,0,0,0,0,0,0,0,0,0,0,A132MSWBBVTOES,3II4UPYCOKN9OEDKS7YBANZUESMQDO
1,8,14,6,5,0,1,0.6590399999986403,2,5,1,NaN,NaN,NaN,NaN,NaN,1,1,0,0,0,0,1,1,0,0,0,0,0,0,0,0,0,0,0,1,0,0,0,0,0,0,0,0,0,0,0,0,1,0,0,0,0,0,0,0,0,0,0,0,0,1,0,0,0,0,0,0,0,0,A132MSWBBVTOES,3II4UPYCOKN9OEDKS7YBANZUESMQDO
1,8,15,6,5,0,1,0.48265999999421183,2,5,1,NaN,NaN,NaN,NaN,NaN,1,1,0,0,0,0,1,1,0,0,0,0,0,0,0,0,0,0,0,1,0,0,0,0,0,0,0,0,0,0,0,0,1,0,0,0,0,0,0,0,0,0,1,0,0,1,0,0,0,0,0,0,0,0,A132MSWBBVTOES,3II4UPYCOKN9OEDKS7YBANZUESMQDO
1,9,1,10,2,1,0,0.4641800000099465,1,10,1,NaN,NaN,NaN,NaN,NaN,1,1,0,1,0,0,0,0,0,0,0,1,0,0,0,0,0,0,0,0,0,0,0,0,1,0,0,0,0,0,0,0,0,0,0,0,0,1,0,0,0,0,0,0,0,0,0,0,1,0,1,0,0,0,A132MSWBBVTOES,3II4UPYCOKN9OEDKS7YBANZUESMQDO
1,9,2,2,10,1,0,0.3999349999940023,2,10,0,NaN,NaN,NaN,NaN,NaN,1,1,0,1,0,0,0,0,0,0,0,1,0,0,0,0,0,0,0,0,0,0,0,0,1,0,0,0,0,0,0,0,0,0,0,0,0,0,0,0,0,0,1,0,0,0,0,0,1,0,0,0,0,0,A132MSWBBVTOES,3II4UPYCOKN9OEDKS7YBANZUESMQDO
1,9,3,10,2,0,0,0.35431000000971835,2,2,0,NaN,NaN,NaN,NaN,NaN,1,1,0,1,0,0,0,0,0,0,0,1,0,0,0,0,1,0,0,0,0,0,0,0,0,0,0,0,0,0,0,0,0,0,0,0,0,0,0,0,0,0,0,0,0,0,0,0,1,0,0,0,0,0,A132MSWBBVTOES,3II4UPYCOKN9OEDKS7YBANZUESMQDO
1,9,4,2,10,1,1,0.3648399999947287,1,2,1,NaN,NaN,NaN,NaN,NaN,1,1,0,1,0,0,0,0,0,0,0,1,0,0,0,0,1,0,0,0,0,0,0,0,0,0,0,0,0,1,0,0,0,0,0,0,0,0,0,0,0,0,1,0,0,0,0,0,1,0,1,0,0,0,A132MSWBBVTOES,3II4UPYCOKN9OEDKS7YBANZUESMQDO
1,9,5,10,2,0,0,0.35420000000158325,2,2,0,NaN,NaN,NaN,NaN,NaN,1,1,0,1,0,0,0,0,0,0,0,1,0,0,0,0,1,0,0,0,0,0,0,0,0,0,0,0,0,0,0,0,0,0,0,0,0,0,0,0,0,0,0,0,0,0,0,0,0,0,0,0,0,0,A132MSWBBVTOES,3II4UPYCOKN9OEDKS7YBANZUESMQDO
1,9,6,10,2,0,0,0.35826999999699183,1,10,0,NaN,NaN,NaN,NaN,NaN,1,1,0,1,0,0,0,0,0,0,0,1,0,0,0,0,0,0,0,0,0,0,0,0,1,0,0,0,0,0,0,0,0,0,0,0,0,0,0,0,0,0,0,0,0,0,0,0,1,0,0,0,0,0,A132MSWBBVTOES,3II4UPYCOKN9OEDKS7YBANZUESMQDO
1,9,7,2,10,0,0,0.34034999999857973,2,10,0,NaN,NaN,NaN,NaN,NaN,1,1,0,1,0,0,0,0,0,0,0,1,0,0,0,0,0,0,0,0,0,0,0,0,1,0,0,0,0,0,0,0,0,0,0,0,0,0,0,0,0,0,0,0,0,0,0,0,0,0,0,0,0,0,A132MSWBBVTOES,3II4UPYCOKN9OEDKS7YBANZUESMQDO
1,9,8,2,10,1,0,0.3819049999874551,2,10,0,NaN,NaN,NaN,NaN,NaN,1,1,0,1,0,0,0,0,0,0,0,1,0,0,0,0,0,0,0,0,0,0,0,0,1,0,0,0,0,0,0,0,0,0,0,0,0,0,0,0,0,0,1,0,0,0,0,0,1,0,0,0,0,0,A132MSWBBVTOES,3II4UPYCOKN9OEDKS7YBANZUESMQDO
1,9,9,2,10,0,0,0.4147250000096392,1,2,0,NaN,NaN,NaN,NaN,NaN,1,1,0,1,0,0,0,0,0,0,0,1,0,0,0,0,1,0,0,0,0,0,0,0,0,0,0,0,0,0,0,0,0,0,0,0,0,0,0,0,0,0,0,0,0,0,0,0,1,0,0,0,0,0,A132MSWBBVTOES,3II4UPYCOKN9OEDKS7YBANZUESMQDO
1,9,10,10,2,0,1,0.3266200000070967,2,2,1,NaN,NaN,NaN,NaN,NaN,1,1,0,1,0,0,0,0,0,0,0,1,0,0,0,0,1,0,0,0,0,0,0,0,0,0,0,0,0,1,0,0,0,0,0,0,0,0,0,0,0,0,1,0,0,0,0,0,1,0,0,0,0,0,A132MSWBBVTOES,3II4UPYCOKN9OEDKS7YBANZUESMQDO
1,9,11,10,8,0,1,0.5188099999941187,2,8,1,NaN,NaN,NaN,NaN,NaN,1,1,0,0,0,0,0,0,0,1,0,1,0,0,0,0,0,0,0,0,0,0,1,0,0,0,0,0,0,0,0,0,0,0,0,1,0,0,0,0,0,0,1,0,0,0,0,0,1,0,0,0,0,0,A132MSWBBVTOES,3II4UPYCOKN9OEDKS7YBANZUESMQDO
1,9,12,10,2,0,0,0.7081449999968754,2,2,0,NaN,NaN,NaN,NaN,NaN,1,1,0,1,0,0,0,0,0,0,0,1,0,0,0,0,1,0,0,0,0,0,0,0,0,0,0,0,0,0,0,0,0,0,0,0,0,0,0,0,0,0,0,0,0,0,0,0,1,0,0,0,0,0,A132MSWBBVTOES,3II4UPYCOKN9OEDKS7YBANZUESMQDO
1,9,13,2,10,1,1,0.5589800000016112,1,2,1,NaN,NaN,NaN,NaN,NaN,1,1,0,1,0,0,0,0,0,0,0,1,0,0,0,0,1,0,0,0,0,0,0,0,0,0,0,0,0,1,0,0,0,0,0,0,0,0,0,0,0,0,1,0,0,0,0,0,1,0,1,0,0,0,A132MSWBBVTOES,3II4UPYCOKN9OEDKS7YBANZUESMQDO
1,9,14,8,10,1,0,0.5363000000070315,1,8,1,NaN,NaN,NaN,NaN,NaN,1,1,0,0,0,0,0,0,0,1,0,1,0,0,0,0,0,0,0,0,0,0,1,0,0,0,0,0,0,0,0,0,0,0,0,1,0,0,0,0,0,0,1,0,0,0,0,0,1,0,0,0,0,0,A132MSWBBVTOES,3II4UPYCOKN9OEDKS7YBANZUESMQDO
1,9,15,8,2,0,1,0.36936500000592787,1,8,0,NaN,NaN,NaN,NaN,NaN,1,1,0,1,0,0,0,0,0,1,0,0,0,0,0,0,0,0,0,0,0,0,1,0,0,0,0,0,0,0,0,0,0,0,0,0,0,0,0,0,0,0,1,0,0,0,0,0,0,0,0,0,0,0,A132MSWBBVTOES,3II4UPYCOKN9OEDKS7YBANZUESMQDO
1,10,1,1,3,0,0,0.6651200000051176,1,1,0,NaN,NaN,NaN,NaN,NaN,1,1,1,0,1,0,0,0,0,0,0,0,0,0,0,1,0,0,0,0,0,0,0,0,0,0,0,0,0,0,0,0,0,0,0,0,0,0,0,0,0,0,0,0,0,0,0,0,0,0,0,0,0,0,A132MSWBBVTOES,3II4UPYCOKN9OEDKS7YBANZUESMQDO
1,10,2,3,1,1,0,0.4849100000137696,1,3,1,NaN,NaN,NaN,NaN,NaN,1,1,1,0,1,0,0,0,0,0,0,0,0,0,0,0,0,1,0,0,0,0,0,0,0,0,0,0,0,0,1,0,0,0,0,0,0,0,0,0,0,0,0,1,0,0,0,0,0,0,1,0,0,0,A132MSWBBVTOES,3II4UPYCOKN9OEDKS7YBANZUESMQDO
1,10,3,3,1,1,0,0.40789000000222586,1,3,1,NaN,NaN,NaN,NaN,NaN,1,1,1,0,1,0,0,0,0,0,0,0,0,0,0,0,0,1,0,0,0,0,0,0,0,0,0,0,0,0,1,0,0,0,0,0,0,0,0,0,0,0,0,1,0,0,0,0,0,0,1,0,0,0,A132MSWBBVTOES,3II4UPYCOKN9OEDKS7YBANZUESMQDO
1,10,4,1,3,1,0,0.43834500000230037,2,3,0,NaN,NaN,NaN,NaN,NaN,1,1,1,0,1,0,0,0,0,0,0,0,0,0,0,0,0,1,0,0,0,0,0,0,0,0,0,0,0,0,0,0,0,0,0,0,0,0,0,0,0,1,0,0,0,0,0,0,0,0,0,0,0,0,A132MSWBBVTOES,3II4UPYCOKN9OEDKS7YBANZUESMQDO
1,10,5,1,3,0,0,0.3594250000023749,2,3,0,NaN,NaN,NaN,NaN,NaN,1,1,1,0,1,0,0,0,0,0,0,0,0,0,0,0,0,1,0,0,0,0,0,0,0,0,0,0,0,0,0,0,0,0,0,0,0,0,0,0,0,0,0,0,0,0,0,0,0,0,1,0,0,0,A132MSWBBVTOES,3II4UPYCOKN9OEDKS7YBANZUESMQDO
1,10,6,1,3,1,0,0.4082500000076834,2,3,0,NaN,NaN,NaN,NaN,NaN,1,1,1,0,1,0,0,0,0,0,0,0,0,0,0,0,0,1,0,0,0,0,0,0,0,0,0,0,0,0,0,0,0,0,0,0,0,0,0,0,0,1,0,0,0,0,0,0,0,0,1,0,0,0,A132MSWBBVTOES,3II4UPYCOKN9OEDKS7YBANZUESMQDO
1,10,7,10,1,0,1,0.33548500000324566,2,1,1,NaN,NaN,NaN,NaN,NaN,1,1,1,0,0,0,0,0,0,0,0,1,0,0,0,1,0,0,0,0,0,0,0,0,0,0,0,0,1,0,0,0,0,0,0,0,0,0,0,0,0,1,0,0,0,0,0,0,0,0,0,0,0,0,A132MSWBBVTOES,3II4UPYCOKN9OEDKS7YBANZUESMQDO
1,10,8,10,1,1,0,0.384940000003553,1,10,1,NaN,NaN,NaN,NaN,NaN,1,1,1,0,0,0,0,0,0,0,0,1,0,0,0,0,0,0,0,0,0,0,0,0,1,0,0,0,0,0,0,0,0,0,0,0,0,1,0,0,0,0,0,0,0,0,0,0,0,0,1,0,0,0,A132MSWBBVTOES,3II4UPYCOKN9OEDKS7YBANZUESMQDO
1,10,9,3,1,0,1,0.5905749999947147,2,1,1,NaN,NaN,NaN,NaN,NaN,1,1,1,0,1,0,0,0,0,0,0,0,0,0,0,1,0,0,0,0,0,0,0,0,0,0,0,0,1,0,0,0,0,0,0,0,0,0,0,0,0,1,0,0,0,0,0,0,0,0,1,0,0,0,A132MSWBBVTOES,3II4UPYCOKN9OEDKS7YBANZUESMQDO
1,10,10,10,1,0,1,0.5269750000006752,2,1,1,NaN,NaN,NaN,NaN,NaN,1,1,1,0,0,0,0,0,0,0,0,1,0,0,0,1,0,0,0,0,0,0,0,0,0,0,0,0,1,0,0,0,0,0,0,0,0,0,0,0,0,1,0,0,0,0,0,0,0,0,0,0,0,0,A132MSWBBVTOES,3II4UPYCOKN9OEDKS7YBANZUESMQDO
1,10,11,3,10,0,1,0.4462749999947846,1,3,0,NaN,NaN,NaN,NaN,NaN,1,1,0,0,1,0,0,0,0,0,0,1,0,0,0,0,0,1,0,0,0,0,0,0,0,0,0,0,0,0,0,0,0,0,0,0,0,0,0,0,0,1,0,0,0,0,0,0,0,0,1,0,0,0,A132MSWBBVTOES,3II4UPYCOKN9OEDKS7YBANZUESMQDO
1,10,12,1,3,0,0,0.4472900000109803,1,1,0,NaN,NaN,NaN,NaN,NaN,1,1,1,0,1,0,0,0,0,0,0,0,0,0,0,1,0,0,0,0,0,0,0,0,0,0,0,0,0,0,0,0,0,0,0,0,0,0,0,0,0,0,0,0,0,0,0,0,0,0,0,0,0,0,A132MSWBBVTOES,3II4UPYCOKN9OEDKS7YBANZUESMQDO
1,10,13,10,1,0,1,0.5159249999996973,1,10,0,NaN,NaN,NaN,NaN,NaN,1,1,1,0,0,0,0,0,0,0,0,1,0,0,0,0,0,0,0,0,0,0,0,0,1,0,0,0,0,0,0,0,0,0,0,0,0,0,0,0,0,1,0,1,0,0,0,0,0,0,0,0,0,0,A132MSWBBVTOES,3II4UPYCOKN9OEDKS7YBANZUESMQDO
1,10,14,10,1,1,1,0.36118499998701736,2,1,1,NaN,NaN,NaN,NaN,NaN,1,1,1,0,0,0,0,0,0,0,0,1,0,0,0,1,0,0,0,0,0,0,0,0,0,0,0,0,1,0,0,0,0,0,0,0,0,0,0,0,0,1,0,0,0,0,0,0,0,0,1,0,0,0,A132MSWBBVTOES,3II4UPYCOKN9OEDKS7YBANZUESMQDO
1,10,15,1,3,0,0,0.49341500000446104,1,1,0,NaN,NaN,NaN,NaN,NaN,1,1,1,0,1,0,0,0,0,0,0,0,0,0,0,1,0,0,0,0,0,0,0,0,0,0,0,0,0,0,0,0,0,0,0,0,0,0,0,0,0,0,0,0,0,0,0,0,0,0,1,0,0,0,A132MSWBBVTOES,3II4UPYCOKN9OEDKS7YBANZUESMQDO
1,11,1,10,9,1,0,0.7175399999978254,2,9,0,NaN,NaN,NaN,NaN,NaN,1,1,0,0,0,0,0,0,0,0,1,1,0,0,0,0,0,0,0,0,0,0,0,1,0,0,0,0,0,0,0,0,0,0,0,0,0,0,0,0,0,0,0,0,0,0,0,0,0,0,1,0,0,0,A132MSWBBVTOES,3II4UPYCOKN9OEDKS7YBANZUESMQDO
1,11,2,9,10,1,1,0.421650000003865,2,10,1,NaN,NaN,NaN,NaN,NaN,1,1,0,0,0,0,0,0,0,0,1,1,0,0,0,0,0,0,0,0,0,0,0,0,1,0,0,0,0,0,0,0,0,0,0,0,0,1,0,0,0,0,0,0,0,0,0,0,0,1,1,1,0,0,A132MSWBBVTOES,3II4UPYCOKN9OEDKS7YBANZUESMQDO
1,11,3,10,9,0,0,0.39369000001170207,1,10,0,NaN,NaN,NaN,NaN,NaN,1,1,0,0,0,0,0,0,0,0,1,1,0,0,0,0,0,0,0,0,0,0,0,0,1,0,0,0,0,0,0,0,0,0,0,0,0,0,0,0,0,0,0,0,0,0,0,0,0,0,0,0,0,0,A132MSWBBVTOES,3II4UPYCOKN9OEDKS7YBANZUESMQDO
1,11,4,9,10,1,0,0.3860500000009779,2,10,0,NaN,NaN,NaN,NaN,NaN,1,1,0,0,0,0,0,0,0,0,1,1,0,0,0,0,0,0,0,0,0,0,0,0,1,0,0,0,0,0,0,0,0,0,0,0,0,0,0,0,0,0,0,0,0,0,0,0,0,1,0,0,0,0,A132MSWBBVTOES,3II4UPYCOKN9OEDKS7YBANZUESMQDO
1,11,5,9,10,0,1,0.4213199999940116,1,9,0,NaN,NaN,NaN,NaN,NaN,1,1,0,0,0,0,0,0,0,0,1,1,0,0,0,0,0,0,0,0,0,0,0,1,0,0,0,0,0,0,0,0,0,0,0,0,0,0,0,0,0,0,0,0,0,0,0,0,0,0,1,0,0,0,A132MSWBBVTOES,3II4UPYCOKN9OEDKS7YBANZUESMQDO
1,11,6,10,9,1,0,0.48479000000224914,2,9,0,NaN,NaN,NaN,NaN,NaN,1,1,0,0,0,0,0,0,0,0,1,1,0,0,0,0,0,0,0,0,0,0,0,1,0,0,0,0,0,0,0,0,0,0,0,0,0,0,0,0,0,0,0,0,0,0,0,0,0,0,1,0,0,0,A132MSWBBVTOES,3II4UPYCOKN9OEDKS7YBANZUESMQDO
1,11,7,9,10,0,1,0.4003800000064075,2,10,1,NaN,NaN,NaN,NaN,NaN,1,1,0,0,0,0,0,0,0,0,1,1,0,0,0,0,0,0,0,0,0,0,0,0,1,0,0,0,0,0,0,0,0,0,0,0,0,1,0,0,0,0,0,0,0,0,0,0,0,0,1,0,0,0,A132MSWBBVTOES,3II4UPYCOKN9OEDKS7YBANZUESMQDO
1,11,8,10,9,0,0,0.393290000007255,1,10,0,NaN,NaN,NaN,NaN,NaN,1,1,0,0,0,0,0,0,0,0,1,1,0,0,0,0,0,0,0,0,0,0,0,0,1,0,0,0,0,0,0,0,0,0,0,0,0,0,0,0,0,0,0,0,0,0,0,0,0,0,0,1,0,0,A132MSWBBVTOES,3II4UPYCOKN9OEDKS7YBANZUESMQDO
1,11,9,9,10,1,0,0.5681150000018533,2,10,0,NaN,NaN,NaN,NaN,NaN,1,1,0,0,0,0,0,0,0,0,1,1,0,0,0,0,0,0,0,0,0,0,0,0,1,0,0,0,0,0,0,0,0,0,0,0,0,0,0,0,0,0,0,0,0,0,0,0,0,1,0,0,0,0,A132MSWBBVTOES,3II4UPYCOKN9OEDKS7YBANZUESMQDO
1,11,10,10,9,1,1,0.8375749999977415,2,9,1,NaN,NaN,NaN,NaN,NaN,1,1,0,0,0,0,0,0,0,0,1,1,0,0,0,0,0,0,0,0,0,0,0,1,0,0,0,0,0,0,0,0,0,0,0,0,1,0,0,0,0,0,0,0,0,0,0,0,0,1,1,0,0,0,A132MSWBBVTOES,3II4UPYCOKN9OEDKS7YBANZUESMQDO
1,11,11,10,9,0,0,0.42151499999454245,2,9,0,NaN,NaN,NaN,NaN,NaN,1,1,0,0,0,0,0,0,0,0,1,1,0,0,0,0,0,0,0,0,0,0,0,1,0,0,0,0,0,0,0,0,0,0,0,0,0,0,0,0,0,0,0,0,0,0,0,0,0,0,0,0,0,0,A132MSWBBVTOES,3II4UPYCOKN9OEDKS7YBANZUESMQDO
1,11,12,11,9,1,1,0.5812650000007125,1,11,1,NaN,NaN,NaN,NaN,NaN,1,1,0,0,0,0,0,0,0,0,1,0,1,0,0,0,0,0,0,0,0,0,0,0,0,1,0,0,0,0,0,0,0,0,0,0,0,0,1,0,0,0,0,0,0,0,0,0,0,1,1,1,0,0,A132MSWBBVTOES,3II4UPYCOKN9OEDKS7YBANZUESMQDO
1,11,13,11,10,0,1,0.6499599999951897,1,11,0,NaN,NaN,NaN,NaN,NaN,1,1,0,0,0,0,0,0,0,0,0,1,1,0,0,0,0,0,0,0,0,0,0,0,0,1,0,0,0,0,0,0,0,0,0,0,0,0,0,0,0,0,0,0,0,0,0,0,0,1,1,0,0,0,A132MSWBBVTOES,3II4UPYCOKN9OEDKS7YBANZUESMQDO
1,11,14,9,10,1,0,0.4810550000111107,2,10,0,NaN,NaN,NaN,NaN,NaN,1,1,0,0,0,0,0,0,0,0,1,1,0,0,0,0,0,0,0,0,0,0,0,0,1,0,0,0,0,0,0,0,0,0,0,0,0,0,0,0,0,0,0,0,0,0,0,0,0,1,0,0,0,0,A132MSWBBVTOES,3II4UPYCOKN9OEDKS7YBANZUESMQDO
1,11,15,11,10,0,1,0.480360000001383,1,11,0,NaN,NaN,NaN,NaN,NaN,1,1,0,0,0,0,0,0,0,0,0,1,1,0,0,0,0,0,0,0,0,0,0,0,0,1,0,0,0,0,0,0,0,0,0,0,0,0,0,0,0,0,0,0,0,0,0,0,0,1,1,0,0,0,A132MSWBBVTOES,3II4UPYCOKN9OEDKS7YBANZUESMQDO
