runID,blockID,trialID,trialStimID_1,trialStimID_2,trialStimReward_1,trialStimReward_2,RT,respKey,selectedStimID,outcome,tFixOn,tStimOn,tRespOn,tFBOn,tFBOff,jitterFB,jitterITI,isTrialStim_1,isTrialStim_2,isTrialStim_3,isTrialStim_4,isTrialStim_5,isTrialStim_6,isTrialStim_7,isTrialStim_8,isTrialStim_9,isTrialStim_10,isTrialStim_11,isTrialStim_12,isTrialStim_13,isSelected_1,isSelected_2,isSelected_3,isSelected_4,isSelected_5,isSelected_6,isSelected_7,isSelected_8,isSelected_9,isSelected_10,isSelected_11,isSelected_12,isSelected_13,isSelectedWin_1,isSelectedWin_2,isSelectedWin_3,isSelectedWin_4,isSelectedWin_5,isSelectedWin_6,isSelectedWin_7,isSelectedWin_8,isSelectedWin_9,isSelectedWin_10,isSelectedWin_11,isSelectedWin_12,isSelectedWin_13,isWin_1,isWin_2,isWin_3,isWin_4,isWin_5,isWin_6,isWin_7,isWin_8,isWin_9,isWin_10,isWin_11,isWin_12,isWin_13,workerId,assignmentId
1,1,1,8,9,0,0,0.645835000090301,1,8,0,NaN,NaN,NaN,NaN,NaN,1,1,0,0,0,0,0,0,0,1,1,0,0,0,0,0,0,0,0,0,0,0,1,0,0,0,0,0,0,0,0,0,0,0,0,0,0,0,0,0,0,0,0,0,0,0,0,0,0,0,1,0,0,0,APKTDTD9LK539,3EG49X351VSUC2ZH4YLPYPLW6696X4
1,1,2,10,9,1,0,0.7313299999805167,2,9,0,NaN,NaN,NaN,NaN,NaN,1,1,0,0,0,0,0,0,0,0,1,1,0,0,0,0,0,0,0,0,0,0,0,1,0,0,0,0,0,0,0,0,0,0,0,0,0,0,0,0,0,0,0,0,0,0,0,0,0,0,1,0,0,0,APKTDTD9LK539,3EG49X351VSUC2ZH4YLPYPLW6696X4
1,1,3,9,8,0,1,0.8693849999690428,2,8,1,NaN,NaN,NaN,NaN,NaN,1,1,0,0,0,0,0,0,0,1,1,0,0,0,0,0,0,0,0,0,0,0,1,0,0,0,0,0,0,0,0,0,0,0,0,1,0,0,0,0,0,0,0,0,0,0,0,0,1,0,1,0,0,0,APKTDTD9LK539,3EG49X351VSUC2ZH4YLPYPLW6696X4
1,1,4,8,10,0,1,0.4456900000805035,1,8,0,NaN,NaN,NaN,NaN,NaN,1,1,0,0,0,0,0,0,0,1,0,1,0,0,0,0,0,0,0,0,0,0,1,0,0,0,0,0,0,0,0,0,0,0,0,0,0,0,0,0,0,0,0,0,0,0,0,0,0,0,1,0,0,0,APKTDTD9LK539,3EG49X351VSUC2ZH4YLPYPLW6696X4
1,1,5,10,8,0,1,0.5114550000289455,1,10,0,NaN,NaN,NaN,NaN,NaN,1,1,0,0,0,0,0,0,0,1,0,1,0,0,0,0,0,0,0,0,0,0,0,0,1,0,0,0,0,0,0,0,0,0,0,0,0,0,0,0,0,0,0,0,0,0,0,0,1,1,0,0,0,0,APKTDTD9LK539,3EG49X351VSUC2ZH4YLPYPLW6696X4
1,1,6,9,8,0,0,1.4152000000467524,2,8,0,NaN,NaN,NaN,NaN,NaN,1,1,0,0,0,0,0,0,0,1,1,0,0,0,0,0,0,0,0,0,0,0,1,0,0,0,0,0,0,0,0,0,0,0,0,0,0,0,0,0,0,0,0,0,0,0,0,0,0,0,1,0,0,0,APKTDTD9LK539,3EG49X351VSUC2ZH4YLPYPLW6696X4
1,1,7,8,9,1,1,0.5175149999558926,2,9,1,NaN,NaN,NaN,NaN,NaN,1,1,0,0,0,0,0,0,0,1,1,0,0,0,0,0,0,0,0,0,0,0,0,1,0,0,0,0,0,0,0,0,0,0,0,0,1,0,0,0,0,0,0,0,0,0,0,0,1,1,1,0,0,0,APKTDTD9LK539,3EG49X351VSUC2ZH4YLPYPLW6696X4
1,1,8,10,9,0,1,0.6483299999963492,2,9,1,NaN,NaN,NaN,NaN,NaN,1,1,0,0,0,0,0,0,0,0,1,1,0,0,0,0,0,0,0,0,0,0,0,1,0,0,0,0,0,0,0,0,0,0,0,0,1,0,0,0,0,0,0,0,0,0,0,0,1,1,0,0,0,0,APKTDTD9LK539,3EG49X351VSUC2ZH4YLPYPLW6696X4
1,1,9,10,8,1,1,0.553055000025779,1,10,1,NaN,NaN,NaN,NaN,NaN,1,1,0,0,0,0,0,0,0,1,0,1,0,0,0,0,0,0,0,0,0,0,0,0,1,0,0,0,0,0,0,0,0,0,0,0,0,1,0,0,0,0,0,0,0,0,0,0,1,0,1,0,0,0,APKTDTD9LK539,3EG49X351VSUC2ZH4YLPYPLW6696X4
1,1,10,8,9,0,0,0.5129850000375882,2,9,0,NaN,NaN,NaN,NaN,NaN,1,1,0,0,0,0,0,0,0,1,1,0,0,0,0,0,0,0,0,0,0,0,0,1,0,0,0,0,0,0,0,0,0,0,0,0,0,0,0,0,0,0,0,0,0,0,0,0,0,0,1,0,0,0,APKTDTD9LK539,3EG49X351VSUC2ZH4YLPYPLW6696X4
1,1,11,9,8,0,0,0.8989849999779835,1,9,0,NaN,NaN,NaN,NaN,NaN,1,1,0,0,0,0,0,0,0,1,1,0,0,0,0,0,0,0,0,0,0,0,0,1,0,0,0,0,0,0,0,0,0,0,0,0,0,0,0,0,0,0,0,0,0,0,0,0,0,0,1,0,0,0,APKTDTD9LK539,3EG49X351VSUC2ZH4YLPYPLW6696X4
1,1,12,8,9,1,0,0.5159250000724569,2,9,0,NaN,NaN,NaN,NaN,NaN,1,1,0,0,0,0,0,0,0,1,1,0,0,0,0,0,0,0,0,0,0,0,0,1,0,0,0,0,0,0,0,0,0,0,0,0,0,0,0,0,0,0,0,0,0,0,0,0,1,0,1,0,0,0,APKTDTD9LK539,3EG49X351VSUC2ZH4YLPYPLW6696X4
1,1,13,8,9,0,0,0.46891499997582287,1,8,0,NaN,NaN,NaN,NaN,NaN,1,1,0,0,0,0,0,0,0,1,1,0,0,0,0,0,0,0,0,0,0,0,1,0,0,0,0,0,0,0,0,0,0,0,0,0,0,0,0,0,0,0,0,0,0,0,0,0,0,0,1,0,0,0,APKTDTD9LK539,3EG49X351VSUC2ZH4YLPYPLW6696X4
1,1,14,10,9,0,0,0.6108849999727681,2,9,0,NaN,NaN,NaN,NaN,NaN,1,1,0,0,0,0,0,0,0,0,1,1,0,0,0,0,0,0,0,0,0,0,0,1,0,0,0,0,0,0,0,0,0,0,0,0,0,0,0,0,0,0,0,0,0,0,0,0,1,0,0,0,0,0,APKTDTD9LK539,3EG49X351VSUC2ZH4YLPYPLW6696X4
1,1,15,9,8,0,0,0.6036700000986457,2,8,0,NaN,NaN,NaN,NaN,NaN,1,1,0,0,0,0,0,0,0,1,1,0,0,0,0,0,0,0,0,0,0,0,1,0,0,0,0,0,0,0,0,0,0,0,0,0,0,0,0,0,0,0,0,0,0,0,0,0,0,0,1,0,0,0,APKTDTD9LK539,3EG49X351VSUC2ZH4YLPYPLW6696X4
1,1,16,9,8,0,1,0.48123999999370426,1,9,0,NaN,NaN,NaN,NaN,NaN,1,1,0,0,0,0,0,0,0,1,1,0,0,0,0,0,0,0,0,0,0,0,0,1,0,0,0,0,0,0,0,0,0,0,0,0,0,0,0,0,0,0,0,0,0,0,0,0,1,0,1,0,0,0,APKTDTD9LK539,3EG49X351VSUC2ZH4YLPYPLW6696X4
1,2,1,13,10,1,1,0.7133500000927597,1,13,1,NaN,NaN,NaN,NaN,NaN,1,1,0,0,0,0,0,0,0,0,0,1,0,0,1,0,0,0,0,0,0,0,0,0,0,0,0,1,0,0,0,0,0,0,0,0,0,0,0,0,1,0,0,0,0,0,0,0,0,0,1,0,0,1,APKTDTD9LK539,3EG49X351VSUC2ZH4YLPYPLW6696X4
1,2,2,13,10,1,1,0.40870500006712973,1,13,1,NaN,NaN,NaN,NaN,NaN,1,1,0,0,0,0,0,0,0,0,0,1,0,0,1,0,0,0,0,0,0,0,0,0,0,0,0,1,0,0,0,0,0,0,0,0,0,0,0,0,1,0,0,0,0,0,0,0,0,0,1,0,0,1,APKTDTD9LK539,3EG49X351VSUC2ZH4YLPYPLW6696X4
1,2,3,13,10,0,0,0.38922999997157604,1,13,0,NaN,NaN,NaN,NaN,NaN,1,1,0,0,0,0,0,0,0,0,0,1,0,0,1,0,0,0,0,0,0,0,0,0,0,0,0,1,0,0,0,0,0,0,0,0,0,0,0,0,0,0,0,0,0,0,0,0,0,0,0,0,0,0,APKTDTD9LK539,3EG49X351VSUC2ZH4YLPYPLW6696X4
1,2,4,10,13,1,0,0.7447099999990314,1,10,1,NaN,NaN,NaN,NaN,NaN,1,1,0,0,0,0,0,0,0,0,0,1,0,0,1,0,0,0,0,0,0,0,0,0,1,0,0,0,0,0,0,0,0,0,0,0,0,1,0,0,0,0,0,0,0,0,0,0,0,0,1,0,0,0,APKTDTD9LK539,3EG49X351VSUC2ZH4YLPYPLW6696X4
1,2,5,10,13,1,0,0.44844999990891665,1,10,1,NaN,NaN,NaN,NaN,NaN,1,1,0,0,0,0,0,0,0,0,0,1,0,0,1,0,0,0,0,0,0,0,0,0,1,0,0,0,0,0,0,0,0,0,0,0,0,1,0,0,0,0,0,0,0,0,0,0,0,0,1,0,0,0,APKTDTD9LK539,3EG49X351VSUC2ZH4YLPYPLW6696X4
1,2,6,13,10,1,0,0.39557999989483505,1,13,1,NaN,NaN,NaN,NaN,NaN,1,1,0,0,0,0,0,0,0,0,0,1,0,0,1,0,0,0,0,0,0,0,0,0,0,0,0,1,0,0,0,0,0,0,0,0,0,0,0,0,1,0,0,0,0,0,0,0,0,0,0,0,0,1,APKTDTD9LK539,3EG49X351VSUC2ZH4YLPYPLW6696X4
1,2,7,10,13,1,0,0.46453500003553927,2,13,0,NaN,NaN,NaN,NaN,NaN,1,1,0,0,0,0,0,0,0,0,0,1,0,0,1,0,0,0,0,0,0,0,0,0,0,0,0,1,0,0,0,0,0,0,0,0,0,0,0,0,0,0,0,0,0,0,0,0,0,0,1,0,0,0,APKTDTD9LK539,3EG49X351VSUC2ZH4YLPYPLW6696X4
1,2,8,10,8,1,1,0.7496500000124797,1,10,1,NaN,NaN,NaN,NaN,NaN,1,1,0,0,0,0,0,0,0,1,0,1,0,0,0,0,0,0,0,0,0,0,0,0,1,0,0,0,0,0,0,0,0,0,0,0,0,1,0,0,0,0,0,0,0,0,0,0,1,0,1,0,0,0,APKTDTD9LK539,3EG49X351VSUC2ZH4YLPYPLW6696X4
1,2,9,13,10,0,0,0.4609049999853596,2,10,0,NaN,NaN,NaN,NaN,NaN,1,1,0,0,0,0,0,0,0,0,0,1,0,0,1,0,0,0,0,0,0,0,0,0,1,0,0,0,0,0,0,0,0,0,0,0,0,0,0,0,0,0,0,0,0,0,0,0,0,0,0,0,0,0,APKTDTD9LK539,3EG49X351VSUC2ZH4YLPYPLW6696X4
1,2,10,10,8,0,0,0.6052149999886751,1,10,0,NaN,NaN,NaN,NaN,NaN,1,1,0,0,0,0,0,0,0,1,0,1,0,0,0,0,0,0,0,0,0,0,0,0,1,0,0,0,0,0,0,0,0,0,0,0,0,0,0,0,0,0,0,0,0,0,0,0,0,0,0,0,0,1,APKTDTD9LK539,3EG49X351VSUC2ZH4YLPYPLW6696X4
1,2,11,10,8,1,1,0.8318699999945238,1,10,1,NaN,NaN,NaN,NaN,NaN,1,1,0,0,0,0,0,0,0,1,0,1,0,0,0,0,0,0,0,0,0,0,0,0,1,0,0,0,0,0,0,0,0,0,0,0,0,1,0,0,0,0,0,0,0,0,0,0,1,0,1,0,0,1,APKTDTD9LK539,3EG49X351VSUC2ZH4YLPYPLW6696X4
1,2,12,13,10,0,1,0.4528300000820309,2,10,1,NaN,NaN,NaN,NaN,NaN,1,1,0,0,0,0,0,0,0,0,0,1,0,0,1,0,0,0,0,0,0,0,0,0,1,0,0,0,0,0,0,0,0,0,0,0,0,1,0,0,0,0,0,0,0,0,0,0,0,0,1,0,0,0,APKTDTD9LK539,3EG49X351VSUC2ZH4YLPYPLW6696X4
1,2,13,8,10,1,0,0.4202400000067428,2,10,0,NaN,NaN,NaN,NaN,NaN,1,1,0,0,0,0,0,0,0,1,0,1,0,0,0,0,0,0,0,0,0,0,0,0,1,0,0,0,0,0,0,0,0,0,0,0,0,0,0,0,0,0,0,0,0,0,0,0,1,0,0,0,0,1,APKTDTD9LK539,3EG49X351VSUC2ZH4YLPYPLW6696X4
1,2,14,13,8,1,0,0.5908800000324845,2,8,0,NaN,NaN,NaN,NaN,NaN,1,1,0,0,0,0,0,0,0,1,0,0,0,0,1,0,0,0,0,0,0,0,1,0,0,0,0,0,0,0,0,0,0,0,0,0,0,0,0,0,0,0,0,0,0,0,0,0,0,0,0,0,0,1,APKTDTD9LK539,3EG49X351VSUC2ZH4YLPYPLW6696X4
1,3,1,10,9,1,0,0.44990500004496425,2,9,0,NaN,NaN,NaN,NaN,NaN,1,1,0,0,0,0,0,0,0,0,1,1,0,0,0,0,0,0,0,0,0,0,0,1,0,0,0,0,0,0,0,0,0,0,0,0,0,0,0,0,0,0,0,0,0,0,0,0,0,0,1,0,0,0,APKTDTD9LK539,3EG49X351VSUC2ZH4YLPYPLW6696X4
1,3,2,9,10,1,0,0.5797000000020489,2,10,0,NaN,NaN,NaN,NaN,NaN,1,1,0,0,0,0,0,0,0,0,1,1,0,0,0,0,0,0,0,0,0,0,0,0,1,0,0,0,0,0,0,0,0,0,0,0,0,0,0,0,0,0,0,0,0,0,0,0,0,1,0,0,0,0,APKTDTD9LK539,3EG49X351VSUC2ZH4YLPYPLW6696X4
1,3,3,10,9,1,1,0.504674999974668,1,10,1,NaN,NaN,NaN,NaN,NaN,1,1,0,0,0,0,0,0,0,0,1,1,0,0,0,0,0,0,0,0,0,0,0,0,1,0,0,0,0,0,0,0,0,0,0,0,0,1,0,0,0,0,0,0,0,0,1,0,0,1,1,0,0,0,APKTDTD9LK539,3EG49X351VSUC2ZH4YLPYPLW6696X4
1,3,4,10,9,1,0,0.4387300000526011,1,10,1,NaN,NaN,NaN,NaN,NaN,1,1,0,0,0,0,0,0,0,0,1,1,0,0,0,0,0,0,0,0,0,0,0,0,1,0,0,0,0,0,0,0,0,0,0,0,0,1,0,0,0,0,0,0,0,0,0,0,0,0,1,0,0,0,APKTDTD9LK539,3EG49X351VSUC2ZH4YLPYPLW6696X4
1,3,5,9,10,1,0,0.8497000000206754,2,10,0,NaN,NaN,NaN,NaN,NaN,1,1,0,0,0,0,0,0,0,0,1,1,0,0,0,0,0,0,0,0,0,0,0,0,1,0,0,0,0,0,0,0,0,0,0,0,0,0,0,0,0,0,0,0,0,0,0,0,0,1,0,0,0,0,APKTDTD9LK539,3EG49X351VSUC2ZH4YLPYPLW6696X4
1,3,6,9,10,0,1,0.46718999999575317,2,10,1,NaN,NaN,NaN,NaN,NaN,1,1,0,0,0,0,0,0,0,0,1,1,0,0,0,0,0,0,0,0,0,0,0,0,1,0,0,0,0,0,0,0,0,0,0,0,0,1,0,0,0,0,0,0,0,0,1,0,0,0,1,0,0,0,APKTDTD9LK539,3EG49X351VSUC2ZH4YLPYPLW6696X4
1,3,7,9,6,0,0,0.7129650000715628,2,6,0,NaN,NaN,NaN,NaN,NaN,1,1,0,0,0,0,0,1,0,0,1,0,0,0,0,0,0,0,0,0,1,0,0,0,0,0,0,0,0,0,0,0,0,0,0,0,0,0,0,0,0,0,0,0,0,0,0,0,0,0,1,0,0,0,APKTDTD9LK539,3EG49X351VSUC2ZH4YLPYPLW6696X4
1,3,8,6,10,0,0,0.6988300000084564,2,10,0,NaN,NaN,NaN,NaN,NaN,1,1,0,0,0,0,0,1,0,0,0,1,0,0,0,0,0,0,0,0,0,0,0,0,1,0,0,0,0,0,0,0,0,0,0,0,0,0,0,0,0,0,0,0,0,0,0,0,0,1,0,0,0,0,APKTDTD9LK539,3EG49X351VSUC2ZH4YLPYPLW6696X4
1,3,9,6,9,0,0,0.6628149999305606,2,9,0,NaN,NaN,NaN,NaN,NaN,1,1,0,0,0,0,0,1,0,0,1,0,0,0,0,0,0,0,0,0,0,0,0,1,0,0,0,0,0,0,0,0,0,0,0,0,0,0,0,0,0,0,0,0,0,0,0,0,0,0,1,0,0,0,APKTDTD9LK539,3EG49X351VSUC2ZH4YLPYPLW6696X4
1,3,10,10,6,0,1,0.4965899999951944,2,6,1,NaN,NaN,NaN,NaN,NaN,1,1,0,0,0,0,0,1,0,0,0,1,0,0,0,0,0,0,0,0,1,0,0,0,0,0,0,0,0,0,0,0,0,1,0,0,0,0,0,0,0,0,0,0,0,0,1,0,0,1,0,0,0,0,APKTDTD9LK539,3EG49X351VSUC2ZH4YLPYPLW6696X4
1,3,11,10,6,1,0,0.6321650000754744,1,10,1,NaN,NaN,NaN,NaN,NaN,1,1,0,0,0,0,0,1,0,0,0,1,0,0,0,0,0,0,0,0,0,0,0,0,1,0,0,0,0,0,0,0,0,0,0,0,0,1,0,0,0,0,0,0,0,0,0,0,0,0,1,0,0,0,APKTDTD9LK539,3EG49X351VSUC2ZH4YLPYPLW6696X4
1,3,12,6,9,0,1,0.4154349999735132,1,6,0,NaN,NaN,NaN,NaN,NaN,1,1,0,0,0,0,0,1,0,0,1,0,0,0,0,0,0,0,0,0,1,0,0,0,0,0,0,0,0,0,0,0,0,0,0,0,0,0,0,0,0,0,0,0,0,0,0,0,0,1,0,0,0,0,APKTDTD9LK539,3EG49X351VSUC2ZH4YLPYPLW6696X4
1,3,13,10,9,1,1,0.5974949999945238,1,10,1,NaN,NaN,NaN,NaN,NaN,1,1,0,0,0,0,0,0,0,0,1,1,0,0,0,0,0,0,0,0,0,0,0,0,1,0,0,0,0,0,0,0,0,0,0,0,0,1,0,0,0,0,0,0,0,0,0,0,0,1,1,0,0,0,APKTDTD9LK539,3EG49X351VSUC2ZH4YLPYPLW6696X4
1,4,1,8,7,1,1,0.5970150000648573,2,7,1,NaN,NaN,NaN,NaN,NaN,1,1,0,0,0,0,0,0,1,1,0,0,0,0,0,0,0,0,0,0,0,1,0,0,0,0,0,0,0,0,0,0,0,0,1,0,0,0,0,0,0,0,0,0,0,0,0,1,1,0,1,0,0,0,APKTDTD9LK539,3EG49X351VSUC2ZH4YLPYPLW6696X4
1,4,2,7,8,1,0,0.39796500001102686,1,7,1,NaN,NaN,NaN,NaN,NaN,1,1,0,0,0,0,0,0,1,1,0,0,0,0,0,0,0,0,0,0,0,1,0,0,0,0,0,0,0,0,0,0,0,0,1,0,0,0,0,0,0,0,0,0,0,0,0,1,0,0,0,0,0,0,APKTDTD9LK539,3EG49X351VSUC2ZH4YLPYPLW6696X4
1,4,3,7,8,0,0,1.2734749999362975,1,7,0,NaN,NaN,NaN,NaN,NaN,1,1,0,0,0,0,0,0,1,1,0,0,0,0,0,0,0,0,0,0,0,1,0,0,0,0,0,0,0,0,0,0,0,0,0,0,0,0,0,0,0,0,0,0,0,0,0,0,0,0,0,0,0,0,APKTDTD9LK539,3EG49X351VSUC2ZH4YLPYPLW6696X4
1,4,4,7,8,0,0,NaN,NaN,NaN,NaN,NaN,NaN,NaN,NaN,NaN,1,1,0,0,0,0,0,0,1,1,0,0,0,0,0,0,0,0,0,0,0,0,0,0,0,0,0,0,0,0,0,0,0,0,0,0,0,0,0,0,0,0,0,0,0,0,0,0,0,0,0,0,0,0,APKTDTD9LK539,3EG49X351VSUC2ZH4YLPYPLW6696X4
1,4,5,8,7,1,1,0.6747200000099838,2,7,1,NaN,NaN,NaN,NaN,NaN,1,1,0,0,0,0,0,0,1,1,0,0,0,0,0,0,0,0,0,0,0,1,0,0,0,0,0,0,0,0,0,0,0,0,1,0,0,0,0,0,0,0,0,0,0,0,0,1,1,0,1,0,0,0,APKTDTD9LK539,3EG49X351VSUC2ZH4YLPYPLW6696X4
1,4,6,8,7,1,1,0.471529999980703,2,7,1,NaN,NaN,NaN,NaN,NaN,1,1,0,0,0,0,0,0,1,1,0,0,0,0,0,0,0,0,0,0,0,1,0,0,0,0,0,0,0,0,0,0,0,0,1,0,0,0,0,0,0,0,0,0,0,0,0,1,1,0,0,0,0,0,APKTDTD9LK539,3EG49X351VSUC2ZH4YLPYPLW6696X4
1,4,7,8,7,1,1,0.5383849999634549,2,7,1,NaN,NaN,NaN,NaN,NaN,1,1,0,0,0,0,0,0,1,1,0,0,0,0,0,0,0,0,0,0,0,1,0,0,0,0,0,0,0,0,0,0,0,0,1,0,0,0,0,0,0,0,0,0,0,0,0,1,1,0,0,0,0,0,APKTDTD9LK539,3EG49X351VSUC2ZH4YLPYPLW6696X4
1,4,8,8,7,0,1,0.9418799999402836,1,8,0,NaN,NaN,NaN,NaN,NaN,1,1,0,0,0,0,0,0,1,1,0,0,0,0,0,0,0,0,0,0,0,0,1,0,0,0,0,0,0,0,0,0,0,0,0,0,0,0,0,0,0,0,0,0,0,0,0,1,0,0,0,0,0,0,APKTDTD9LK539,3EG49X351VSUC2ZH4YLPYPLW6696X4
1,4,9,7,8,1,1,0.86812999995891,1,7,1,NaN,NaN,NaN,NaN,NaN,1,1,0,0,0,0,0,0,1,1,0,0,0,0,0,0,0,0,0,0,0,1,0,0,0,0,0,0,0,0,0,0,0,0,1,0,0,0,0,0,0,0,0,0,0,0,0,1,1,0,0,0,0,0,APKTDTD9LK539,3EG49X351VSUC2ZH4YLPYPLW6696X4
1,4,10,7,8,1,1,0.40308999991975725,2,8,1,NaN,NaN,NaN,NaN,NaN,1,1,0,0,0,0,0,0,1,1,0,0,0,0,0,0,0,0,0,0,0,0,1,0,0,0,0,0,0,0,0,0,0,0,0,1,0,0,0,0,0,0,0,0,0,0,0,1,1,0,1,0,0,0,APKTDTD9LK539,3EG49X351VSUC2ZH4YLPYPLW6696X4
1,4,11,10,7,0,1,0.7873950001085177,2,7,1,NaN,NaN,NaN,NaN,NaN,1,1,0,0,0,0,0,0,1,0,0,1,0,0,0,0,0,0,0,0,0,1,0,0,0,0,0,0,0,0,0,0,0,0,1,0,0,0,0,0,0,0,0,0,0,0,0,1,0,0,0,0,0,0,APKTDTD9LK539,3EG49X351VSUC2ZH4YLPYPLW6696X4
1,4,12,7,8,0,1,0.43102499993983656,2,8,1,NaN,NaN,NaN,NaN,NaN,1,1,0,0,0,0,0,0,1,1,0,0,0,0,0,0,0,0,0,0,0,0,1,0,0,0,0,0,0,0,0,0,0,0,0,1,0,0,0,0,0,0,0,0,0,0,0,0,1,0,0,0,0,0,APKTDTD9LK539,3EG49X351VSUC2ZH4YLPYPLW6696X4
1,4,13,7,8,1,0,0.7067250000545755,1,7,1,NaN,NaN,NaN,NaN,NaN,1,1,0,0,0,0,0,0,1,1,0,0,0,0,0,0,0,0,0,0,0,1,0,0,0,0,0,0,0,0,0,0,0,0,1,0,0,0,0,0,0,0,0,0,0,0,0,1,0,0,0,0,0,0,APKTDTD9LK539,3EG49X351VSUC2ZH4YLPYPLW6696X4
1,5,1,13,10,1,0,0.6502150000305846,2,10,0,NaN,NaN,NaN,NaN,NaN,1,1,0,0,0,0,0,0,0,0,0,1,0,0,1,0,0,0,0,0,0,0,0,0,1,0,0,0,0,0,0,0,0,0,0,0,0,0,0,0,0,0,0,0,0,1,0,0,0,0,0,0,0,1,APKTDTD9LK539,3EG49X351VSUC2ZH4YLPYPLW6696X4
1,5,2,13,10,1,0,0.7578349999384955,1,13,1,NaN,NaN,NaN,NaN,NaN,1,1,0,0,0,0,0,0,0,0,0,1,0,0,1,0,0,0,0,0,0,0,0,0,0,0,0,1,0,0,0,0,0,0,0,0,0,0,0,0,1,0,0,0,0,1,0,0,0,0,0,0,0,1,APKTDTD9LK539,3EG49X351VSUC2ZH4YLPYPLW6696X4
1,5,3,13,10,1,0,0.4214700000593439,1,13,1,NaN,NaN,NaN,NaN,NaN,1,1,0,0,0,0,0,0,0,0,0,1,0,0,1,0,0,0,0,0,0,0,0,0,0,0,0,1,0,0,0,0,0,0,0,0,0,0,0,0,1,0,0,0,0,0,0,0,0,0,0,0,0,1,APKTDTD9LK539,3EG49X351VSUC2ZH4YLPYPLW6696X4
1,5,4,10,13,0,1,0.9374600000446662,2,13,1,NaN,NaN,NaN,NaN,NaN,1,1,0,0,0,0,0,0,0,0,0,1,0,0,1,0,0,0,0,0,0,0,0,0,0,0,0,1,0,0,0,0,0,0,0,0,0,0,0,0,1,0,0,0,0,1,0,0,0,0,0,0,0,1,APKTDTD9LK539,3EG49X351VSUC2ZH4YLPYPLW6696X4
1,5,5,13,10,1,1,0.6896150000393391,1,13,1,NaN,NaN,NaN,NaN,NaN,1,1,0,0,0,0,0,0,0,0,0,1,0,0,1,0,0,0,0,0,0,0,0,0,0,0,0,1,0,0,0,0,0,0,0,0,0,0,0,0,1,0,0,0,0,1,0,0,0,0,1,0,0,1,APKTDTD9LK539,3EG49X351VSUC2ZH4YLPYPLW6696X4
1,5,6,13,10,1,0,0.6332099999999627,1,13,1,NaN,NaN,NaN,NaN,NaN,1,1,0,0,0,0,0,0,0,0,0,1,0,0,1,0,0,0,0,0,0,0,0,0,0,0,0,1,0,0,0,0,0,0,0,0,0,0,0,0,1,0,0,0,0,0,0,0,0,0,0,0,0,1,APKTDTD9LK539,3EG49X351VSUC2ZH4YLPYPLW6696X4
1,5,7,10,13,1,1,0.4263300000457093,2,13,1,NaN,NaN,NaN,NaN,NaN,1,1,0,0,0,0,0,0,0,0,0,1,0,0,1,0,0,0,0,0,0,0,0,0,0,0,0,1,0,0,0,0,0,0,0,0,0,0,0,0,1,0,0,0,0,1,0,0,0,0,1,0,0,1,APKTDTD9LK539,3EG49X351VSUC2ZH4YLPYPLW6696X4
1,5,8,13,10,0,0,0.7589200000511482,1,13,0,NaN,NaN,NaN,NaN,NaN,1,1,0,0,0,0,0,0,0,0,0,1,0,0,1,0,0,0,0,0,0,0,0,0,0,0,0,1,0,0,0,0,0,0,0,0,0,0,0,0,0,0,0,0,0,1,0,0,0,0,0,0,0,0,APKTDTD9LK539,3EG49X351VSUC2ZH4YLPYPLW6696X4
1,5,9,13,10,1,0,0.48134000005666167,1,13,1,NaN,NaN,NaN,NaN,NaN,1,1,0,0,0,0,0,0,0,0,0,1,0,0,1,0,0,0,0,0,0,0,0,0,0,0,0,1,0,0,0,0,0,0,0,0,0,0,0,0,1,0,0,0,0,0,0,0,0,0,0,0,0,1,APKTDTD9LK539,3EG49X351VSUC2ZH4YLPYPLW6696X4
1,5,10,13,10,1,1,0.7286550001008436,1,13,1,NaN,NaN,NaN,NaN,NaN,1,1,0,0,0,0,0,0,0,0,0,1,0,0,1,0,0,0,0,0,0,0,0,0,0,0,0,1,0,0,0,0,0,0,0,0,0,0,0,0,1,0,0,0,0,0,0,0,0,0,1,0,0,1,APKTDTD9LK539,3EG49X351VSUC2ZH4YLPYPLW6696X4
1,5,11,13,10,1,0,0.7983049999456853,1,13,1,NaN,NaN,NaN,NaN,NaN,1,1,0,0,0,0,0,0,0,0,0,1,0,0,1,0,0,0,0,0,0,0,0,0,0,0,0,1,0,0,0,0,0,0,0,0,0,0,0,0,1,0,0,0,0,0,0,0,0,0,0,0,0,1,APKTDTD9LK539,3EG49X351VSUC2ZH4YLPYPLW6696X4
1,5,12,13,5,1,1,0.49216500006150454,1,13,1,NaN,NaN,NaN,NaN,NaN,1,1,0,0,0,0,1,0,0,0,0,0,0,0,1,0,0,0,0,0,0,0,0,0,0,0,0,1,0,0,0,0,0,0,0,0,0,0,0,0,1,0,0,0,0,1,0,0,0,0,0,0,0,1,APKTDTD9LK539,3EG49X351VSUC2ZH4YLPYPLW6696X4
1,5,13,10,5,0,0,0.5813749999506399,2,5,0,NaN,NaN,NaN,NaN,NaN,1,1,0,0,0,0,1,0,0,0,0,1,0,0,0,0,0,0,0,1,0,0,0,0,0,0,0,0,0,0,0,0,0,0,0,0,0,0,0,0,0,0,0,0,0,0,0,0,0,0,0,0,0,0,APKTDTD9LK539,3EG49X351VSUC2ZH4YLPYPLW6696X4
1,5,14,10,13,0,0,0.5784850000636652,2,13,0,NaN,NaN,NaN,NaN,NaN,1,1,0,0,0,0,0,0,0,0,0,1,0,0,1,0,0,0,0,0,0,0,0,0,0,0,0,1,0,0,0,0,0,0,0,0,0,0,0,0,0,0,0,0,0,0,0,0,0,0,0,0,0,0,APKTDTD9LK539,3EG49X351VSUC2ZH4YLPYPLW6696X4
1,5,15,13,10,1,0,0.4381099999882281,1,13,1,NaN,NaN,NaN,NaN,NaN,1,1,0,0,0,0,0,0,0,0,0,1,0,0,1,0,0,0,0,0,0,0,0,0,0,0,0,1,0,0,0,0,0,0,0,0,0,0,0,0,1,0,0,0,0,0,0,0,0,0,0,0,0,1,APKTDTD9LK539,3EG49X351VSUC2ZH4YLPYPLW6696X4
1,5,16,13,10,1,0,0.6104200000409037,1,13,1,NaN,NaN,NaN,NaN,NaN,1,1,0,0,0,0,0,0,0,0,0,1,0,0,1,0,0,0,0,0,0,0,0,0,0,0,0,1,0,0,0,0,0,0,0,0,0,0,0,0,1,0,0,0,0,1,0,0,0,0,0,0,0,1,APKTDTD9LK539,3EG49X351VSUC2ZH4YLPYPLW6696X4
1,6,1,7,11,1,1,0.6586649999953806,1,7,1,NaN,NaN,NaN,NaN,NaN,1,1,0,0,0,0,0,0,1,0,0,0,1,0,0,0,0,0,0,0,0,1,0,0,0,0,0,0,0,0,0,0,0,0,1,0,0,0,0,0,0,0,0,0,0,0,0,1,0,0,0,1,0,0,APKTDTD9LK539,3EG49X351VSUC2ZH4YLPYPLW6696X4
1,6,2,7,11,1,1,0.41694000002462417,1,7,1,NaN,NaN,NaN,NaN,NaN,1,1,0,0,0,0,0,0,1,0,0,0,1,0,0,0,0,0,0,0,0,1,0,0,0,0,0,0,0,0,0,0,0,0,1,0,0,0,0,0,0,0,0,0,0,0,0,1,0,0,0,1,0,0,APKTDTD9LK539,3EG49X351VSUC2ZH4YLPYPLW6696X4
1,6,3,11,7,1,0,0.4755000000586733,2,7,0,NaN,NaN,NaN,NaN,NaN,1,1,0,0,0,0,0,0,1,0,0,0,1,0,0,0,0,0,0,0,0,1,0,0,0,0,0,0,0,0,0,0,0,0,0,0,0,0,0,0,0,0,0,0,0,0,0,0,0,0,0,1,0,0,APKTDTD9LK539,3EG49X351VSUC2ZH4YLPYPLW6696X4
1,6,4,11,7,1,0,0.5072299999883398,2,7,0,NaN,NaN,NaN,NaN,NaN,1,1,0,0,0,0,0,0,1,0,0,0,1,0,0,0,0,0,0,0,0,1,0,0,0,0,0,0,0,0,0,0,0,0,0,0,0,0,0,0,0,0,0,0,0,0,0,0,0,0,0,1,0,0,APKTDTD9LK539,3EG49X351VSUC2ZH4YLPYPLW6696X4
1,6,5,7,11,1,1,0.47953000001143664,1,7,1,NaN,NaN,NaN,NaN,NaN,1,1,0,0,0,0,0,0,1,0,0,0,1,0,0,0,0,0,0,0,0,1,0,0,0,0,0,0,0,0,0,0,0,0,1,0,0,0,0,0,0,0,0,0,0,0,0,1,0,0,0,1,0,0,APKTDTD9LK539,3EG49X351VSUC2ZH4YLPYPLW6696X4
1,6,6,11,7,0,1,0.3998850000789389,2,7,1,NaN,NaN,NaN,NaN,NaN,1,1,0,0,0,0,0,0,1,0,0,0,1,0,0,0,0,0,0,0,0,1,0,0,0,0,0,0,0,0,0,0,0,0,1,0,0,0,0,0,0,0,0,0,0,0,1,1,0,0,0,0,0,0,APKTDTD9LK539,3EG49X351VSUC2ZH4YLPYPLW6696X4
1,6,7,6,7,0,1,0.4541299999691546,2,7,1,NaN,NaN,NaN,NaN,NaN,1,1,0,0,0,0,0,1,1,0,0,0,0,0,0,0,0,0,0,0,0,1,0,0,0,0,0,0,0,0,0,0,0,0,1,0,0,0,0,0,0,0,0,0,0,0,0,1,0,0,0,0,0,0,APKTDTD9LK539,3EG49X351VSUC2ZH4YLPYPLW6696X4
1,6,8,11,6,0,1,0.8538800000678748,2,6,1,NaN,NaN,NaN,NaN,NaN,1,1,0,0,0,0,0,1,0,0,0,0,1,0,0,0,0,0,0,0,1,0,0,0,0,0,0,0,0,0,0,0,0,1,0,0,0,0,0,0,0,0,0,0,0,0,1,0,0,0,0,0,0,0,APKTDTD9LK539,3EG49X351VSUC2ZH4YLPYPLW6696X4
1,6,9,11,7,1,0,0.5093649999471381,2,7,0,NaN,NaN,NaN,NaN,NaN,1,1,0,0,0,0,0,0,1,0,0,0,1,0,0,0,0,0,0,0,0,1,0,0,0,0,0,0,0,0,0,0,0,0,0,0,0,0,0,0,0,0,0,0,0,0,0,0,0,0,0,1,0,0,APKTDTD9LK539,3EG49X351VSUC2ZH4YLPYPLW6696X4
1,6,10,6,7,0,0,0.3451549999881536,1,6,0,NaN,NaN,NaN,NaN,NaN,1,1,0,0,0,0,0,1,1,0,0,0,0,0,0,0,0,0,0,0,1,0,0,0,0,0,0,0,0,0,0,0,0,0,0,0,0,0,0,0,0,0,0,0,0,0,0,0,0,0,0,0,0,0,APKTDTD9LK539,3EG49X351VSUC2ZH4YLPYPLW6696X4
1,6,11,7,11,1,1,0.5532050000037998,1,7,1,NaN,NaN,NaN,NaN,NaN,1,1,0,0,0,0,0,0,1,0,0,0,1,0,0,0,0,0,0,0,0,1,0,0,0,0,0,0,0,0,0,0,0,0,1,0,0,0,0,0,0,0,0,0,0,0,1,1,0,0,0,1,0,0,APKTDTD9LK539,3EG49X351VSUC2ZH4YLPYPLW6696X4
1,6,12,7,6,0,0,0.6131749999476597,2,6,0,NaN,NaN,NaN,NaN,NaN,1,1,0,0,0,0,0,1,1,0,0,0,0,0,0,0,0,0,0,0,1,0,0,0,0,0,0,0,0,0,0,0,0,0,0,0,0,0,0,0,0,0,0,0,0,0,0,0,0,0,0,0,0,0,APKTDTD9LK539,3EG49X351VSUC2ZH4YLPYPLW6696X4
1,6,13,7,6,1,0,0.49663500010501593,1,7,1,NaN,NaN,NaN,NaN,NaN,1,1,0,0,0,0,0,1,1,0,0,0,0,0,0,0,0,0,0,0,0,1,0,0,0,0,0,0,0,0,0,0,0,0,1,0,0,0,0,0,0,0,0,0,0,0,0,1,0,0,0,1,0,0,APKTDTD9LK539,3EG49X351VSUC2ZH4YLPYPLW6696X4
1,6,14,7,11,0,0,0.39994000003207475,1,7,0,NaN,NaN,NaN,NaN,NaN,1,1,0,0,0,0,0,0,1,0,0,0,1,0,0,0,0,0,0,0,0,1,0,0,0,0,0,0,0,0,0,0,0,0,0,0,0,0,0,0,0,0,0,0,0,0,0,0,0,0,0,0,0,0,APKTDTD9LK539,3EG49X351VSUC2ZH4YLPYPLW6696X4
1,7,1,11,13,0,0,0.4779250000137836,2,13,0,NaN,NaN,NaN,NaN,NaN,1,1,0,0,0,0,0,0,0,0,0,0,1,0,1,0,0,0,0,0,0,0,0,0,0,0,0,1,0,0,0,0,0,0,0,0,0,0,0,0,0,0,0,0,0,0,0,0,0,0,0,0,0,0,APKTDTD9LK539,3EG49X351VSUC2ZH4YLPYPLW6696X4
1,7,2,13,11,0,1,0.5922199999913573,2,11,1,NaN,NaN,NaN,NaN,NaN,1,1,0,0,0,0,0,0,0,0,0,0,1,0,1,0,0,0,0,0,0,0,0,0,0,1,0,0,0,0,0,0,0,0,0,0,0,0,1,0,0,0,0,0,0,0,0,0,0,0,0,1,0,0,APKTDTD9LK539,3EG49X351VSUC2ZH4YLPYPLW6696X4
1,7,3,11,13,0,0,0.581720000016503,1,11,0,NaN,NaN,NaN,NaN,NaN,1,1,0,0,0,0,0,0,0,0,0,0,1,0,1,0,0,0,0,0,0,0,0,0,0,1,0,0,0,0,0,0,0,0,0,0,0,0,0,0,0,0,0,0,1,0,0,0,0,0,0,0,0,0,APKTDTD9LK539,3EG49X351VSUC2ZH4YLPYPLW6696X4
1,7,4,13,11,1,1,0.6523200001101941,2,11,1,NaN,NaN,NaN,NaN,NaN,1,1,0,0,0,0,0,0,0,0,0,0,1,0,1,0,0,0,0,0,0,0,0,0,0,1,0,0,0,0,0,0,0,0,0,0,0,0,1,0,0,0,0,0,0,0,0,0,0,0,0,1,0,1,APKTDTD9LK539,3EG49X351VSUC2ZH4YLPYPLW6696X4
1,7,5,13,11,0,0,0.6408649999648333,2,11,0,NaN,NaN,NaN,NaN,NaN,1,1,0,0,0,0,0,0,0,0,0,0,1,0,1,0,0,0,0,0,0,0,0,0,0,1,0,0,0,0,0,0,0,0,0,0,0,0,0,0,0,0,0,0,0,0,0,0,0,0,0,0,0,0,APKTDTD9LK539,3EG49X351VSUC2ZH4YLPYPLW6696X4
1,7,6,11,13,1,1,0.4535100000211969,2,13,1,NaN,NaN,NaN,NaN,NaN,1,1,0,0,0,0,0,0,0,0,0,0,1,0,1,0,0,0,0,0,0,0,0,0,0,0,0,1,0,0,0,0,0,0,0,0,0,0,0,0,1,0,0,0,1,0,0,0,0,0,0,1,0,1,APKTDTD9LK539,3EG49X351VSUC2ZH4YLPYPLW6696X4
1,7,7,11,13,1,1,0.4382200000109151,2,13,1,NaN,NaN,NaN,NaN,NaN,1,1,0,0,0,0,0,0,0,0,0,0,1,0,1,0,0,0,0,0,0,0,0,0,0,0,0,1,0,0,0,0,0,0,0,0,0,0,0,0,1,0,0,0,0,0,0,0,0,0,0,1,0,1,APKTDTD9LK539,3EG49X351VSUC2ZH4YLPYPLW6696X4
1,7,8,11,13,1,0,0.4667849999386817,2,13,0,NaN,NaN,NaN,NaN,NaN,1,1,0,0,0,0,0,0,0,0,0,0,1,0,1,0,0,0,0,0,0,0,0,0,0,0,0,1,0,0,0,0,0,0,0,0,0,0,0,0,0,0,0,0,0,0,0,0,0,0,0,1,0,0,APKTDTD9LK539,3EG49X351VSUC2ZH4YLPYPLW6696X4
1,7,9,13,11,1,1,0.4514399999752641,1,13,1,NaN,NaN,NaN,NaN,NaN,1,1,0,0,0,0,0,0,0,0,0,0,1,0,1,0,0,0,0,0,0,0,0,0,0,0,0,1,0,0,0,0,0,0,0,0,0,0,0,0,1,0,0,0,0,0,0,0,0,0,0,1,0,1,APKTDTD9LK539,3EG49X351VSUC2ZH4YLPYPLW6696X4
1,7,10,4,13,0,0,0.4888400000054389,2,13,0,NaN,NaN,NaN,NaN,NaN,1,1,0,0,0,1,0,0,0,0,0,0,0,0,1,0,0,0,0,0,0,0,0,0,0,0,0,1,0,0,0,0,0,0,0,0,0,0,0,0,0,0,0,0,0,0,0,0,0,0,0,0,0,0,APKTDTD9LK539,3EG49X351VSUC2ZH4YLPYPLW6696X4
1,7,11,11,4,1,0,0.812110000057146,2,4,0,NaN,NaN,NaN,NaN,NaN,1,1,0,0,0,1,0,0,0,0,0,0,1,0,0,0,0,0,1,0,0,0,0,0,0,0,0,0,0,0,0,0,0,0,0,0,0,0,0,0,0,0,0,0,0,0,0,0,0,0,0,1,0,0,APKTDTD9LK539,3EG49X351VSUC2ZH4YLPYPLW6696X4
1,7,12,11,13,0,1,0.7153599999146536,2,13,1,NaN,NaN,NaN,NaN,NaN,1,1,0,0,0,0,0,0,0,0,0,0,1,0,1,0,0,0,0,0,0,0,0,0,0,0,0,1,0,0,0,0,0,0,0,0,0,0,0,0,1,0,0,0,0,0,0,0,0,0,0,0,0,1,APKTDTD9LK539,3EG49X351VSUC2ZH4YLPYPLW6696X4
1,7,13,11,4,0,0,0.6446650000289083,2,4,0,NaN,NaN,NaN,NaN,NaN,1,1,0,0,0,1,0,0,0,0,0,0,1,0,0,0,0,0,1,0,0,0,0,0,0,0,0,0,0,0,0,0,0,0,0,0,0,0,0,0,0,0,0,0,0,0,0,0,0,0,0,0,0,1,APKTDTD9LK539,3EG49X351VSUC2ZH4YLPYPLW6696X4
1,7,14,13,11,1,1,0.6840199999278411,1,13,1,NaN,NaN,NaN,NaN,NaN,1,1,0,0,0,0,0,0,0,0,0,0,1,0,1,0,0,0,0,0,0,0,0,0,0,0,0,1,0,0,0,0,0,0,0,0,0,0,0,0,1,0,0,0,1,0,0,0,0,0,0,1,0,1,APKTDTD9LK539,3EG49X351VSUC2ZH4YLPYPLW6696X4
1,8,1,8,3,1,0,0.719550000037998,1,8,1,NaN,NaN,NaN,NaN,NaN,1,1,0,0,1,0,0,0,0,1,0,0,0,0,0,0,0,0,0,0,0,0,1,0,0,0,0,0,0,0,0,0,0,0,0,1,0,0,0,0,0,0,0,0,0,0,0,0,1,0,0,0,0,1,APKTDTD9LK539,3EG49X351VSUC2ZH4YLPYPLW6696X4
1,8,2,3,8,1,0,0.4852899999823421,2,8,0,NaN,NaN,NaN,NaN,NaN,1,1,0,0,1,0,0,0,0,1,0,0,0,0,0,0,0,0,0,0,0,0,1,0,0,0,0,0,0,0,0,0,0,0,0,0,0,0,0,0,0,0,0,1,0,0,0,0,0,0,0,0,0,1,APKTDTD9LK539,3EG49X351VSUC2ZH4YLPYPLW6696X4
1,8,3,3,8,0,1,0.5850450000725687,2,8,1,NaN,NaN,NaN,NaN,NaN,1,1,0,0,1,0,0,0,0,1,0,0,0,0,0,0,0,0,0,0,0,0,1,0,0,0,0,0,0,0,0,0,0,0,0,1,0,0,0,0,0,0,0,0,0,0,0,0,1,0,0,0,0,1,APKTDTD9LK539,3EG49X351VSUC2ZH4YLPYPLW6696X4
1,8,4,3,8,0,0,0.4279300000052899,2,8,0,NaN,NaN,NaN,NaN,NaN,1,1,0,0,1,0,0,0,0,1,0,0,0,0,0,0,0,0,0,0,0,0,1,0,0,0,0,0,0,0,0,0,0,0,0,0,0,0,0,0,0,0,0,0,0,0,0,0,0,0,0,0,0,0,APKTDTD9LK539,3EG49X351VSUC2ZH4YLPYPLW6696X4
1,8,5,8,3,0,0,0.6747850000392646,2,3,0,NaN,NaN,NaN,NaN,NaN,1,1,0,0,1,0,0,0,0,1,0,0,0,0,0,0,0,1,0,0,0,0,0,0,0,0,0,0,0,0,0,0,0,0,0,0,0,0,0,0,0,0,0,0,0,0,0,0,0,0,0,0,0,1,APKTDTD9LK539,3EG49X351VSUC2ZH4YLPYPLW6696X4
1,8,6,3,8,0,1,0.9182599999476224,1,3,0,NaN,NaN,NaN,NaN,NaN,1,1,0,0,1,0,0,0,0,1,0,0,0,0,0,0,0,1,0,0,0,0,0,0,0,0,0,0,0,0,0,0,0,0,0,0,0,0,0,0,0,0,0,0,0,0,0,0,1,0,0,0,0,1,APKTDTD9LK539,3EG49X351VSUC2ZH4YLPYPLW6696X4
1,8,7,3,8,0,1,0.7065900000743568,2,8,1,NaN,NaN,NaN,NaN,NaN,1,1,0,0,1,0,0,0,0,1,0,0,0,0,0,0,0,0,0,0,0,0,1,0,0,0,0,0,0,0,0,0,0,0,0,1,0,0,0,0,0,0,0,0,0,0,0,0,1,0,0,0,0,1,APKTDTD9LK539,3EG49X351VSUC2ZH4YLPYPLW6696X4
1,8,8,3,8,0,1,0.4265049999812618,2,8,1,NaN,NaN,NaN,NaN,NaN,1,1,0,0,1,0,0,0,0,1,0,0,0,0,0,0,0,0,0,0,0,0,1,0,0,0,0,0,0,0,0,0,0,0,0,1,0,0,0,0,0,0,0,0,0,0,0,0,1,0,0,0,0,1,APKTDTD9LK539,3EG49X351VSUC2ZH4YLPYPLW6696X4
1,8,9,8,3,0,0,0.8164450000040233,1,8,0,NaN,NaN,NaN,NaN,NaN,1,1,0,0,1,0,0,0,0,1,0,0,0,0,0,0,0,0,0,0,0,0,1,0,0,0,0,0,0,0,0,0,0,0,0,0,0,0,0,0,0,0,0,0,0,0,0,0,0,0,0,0,0,1,APKTDTD9LK539,3EG49X351VSUC2ZH4YLPYPLW6696X4
1,8,10,3,8,0,0,0.4377600000007078,2,8,0,NaN,NaN,NaN,NaN,NaN,1,1,0,0,1,0,0,0,0,1,0,0,0,0,0,0,0,0,0,0,0,0,1,0,0,0,0,0,0,0,0,0,0,0,0,0,0,0,0,0,0,0,0,0,0,0,0,0,0,0,0,0,0,0,APKTDTD9LK539,3EG49X351VSUC2ZH4YLPYPLW6696X4
1,8,11,8,3,0,0,0.4064000000944361,2,3,0,NaN,NaN,NaN,NaN,NaN,1,1,0,0,1,0,0,0,0,1,0,0,0,0,0,0,0,1,0,0,0,0,0,0,0,0,0,0,0,0,0,0,0,0,0,0,0,0,0,0,0,0,0,0,0,0,0,0,0,0,0,0,0,0,APKTDTD9LK539,3EG49X351VSUC2ZH4YLPYPLW6696X4
1,8,12,8,13,1,1,0.8073500000173226,1,8,1,NaN,NaN,NaN,NaN,NaN,1,1,0,0,0,0,0,0,0,1,0,0,0,0,1,0,0,0,0,0,0,0,1,0,0,0,0,0,0,0,0,0,0,0,0,1,0,0,0,0,0,0,0,0,0,0,0,0,1,0,0,0,0,1,APKTDTD9LK539,3EG49X351VSUC2ZH4YLPYPLW6696X4
1,8,13,3,13,1,1,0.43541999999433756,2,13,1,NaN,NaN,NaN,NaN,NaN,1,1,0,0,1,0,0,0,0,0,0,0,0,0,1,0,0,0,0,0,0,0,0,0,0,0,0,1,0,0,0,0,0,0,0,0,0,0,0,0,1,0,0,1,0,0,0,0,1,0,0,0,0,1,APKTDTD9LK539,3EG49X351VSUC2ZH4YLPYPLW6696X4
1,8,14,8,3,0,1,0.9602250000461936,1,8,0,NaN,NaN,NaN,NaN,NaN,1,1,0,0,1,0,0,0,0,1,0,0,0,0,0,0,0,0,0,0,0,0,1,0,0,0,0,0,0,0,0,0,0,0,0,0,0,0,0,0,0,0,0,1,0,0,0,0,0,0,0,0,0,1,APKTDTD9LK539,3EG49X351VSUC2ZH4YLPYPLW6696X4
1,8,15,13,8,1,1,0.8490750000346452,1,13,1,NaN,NaN,NaN,NaN,NaN,1,1,0,0,0,0,0,0,0,1,0,0,0,0,1,0,0,0,0,0,0,0,0,0,0,0,0,1,0,0,0,0,0,0,0,0,0,0,0,0,1,0,0,0,0,0,0,0,1,0,0,0,0,1,APKTDTD9LK539,3EG49X351VSUC2ZH4YLPYPLW6696X4
1,9,1,10,11,1,1,1.263039999990724,1,10,1,NaN,NaN,NaN,NaN,NaN,1,1,0,0,0,0,0,0,0,0,0,1,1,0,0,0,0,0,0,0,0,0,0,0,1,0,0,0,0,0,0,0,0,0,0,0,0,1,0,0,0,0,0,0,0,0,0,0,0,0,1,1,1,0,APKTDTD9LK539,3EG49X351VSUC2ZH4YLPYPLW6696X4
1,9,2,10,11,0,0,0.41924000007566065,1,10,0,NaN,NaN,NaN,NaN,NaN,1,1,0,0,0,0,0,0,0,0,0,1,1,0,0,0,0,0,0,0,0,0,0,0,1,0,0,0,0,0,0,0,0,0,0,0,0,0,0,0,0,0,0,0,0,0,0,0,0,0,0,0,1,0,APKTDTD9LK539,3EG49X351VSUC2ZH4YLPYPLW6696X4
1,9,3,10,11,1,1,0.4792599999345839,1,10,1,NaN,NaN,NaN,NaN,NaN,1,1,0,0,0,0,0,0,0,0,0,1,1,0,0,0,0,0,0,0,0,0,0,0,1,0,0,0,0,0,0,0,0,0,0,0,0,1,0,0,0,0,0,0,0,0,0,0,0,0,1,1,1,0,APKTDTD9LK539,3EG49X351VSUC2ZH4YLPYPLW6696X4
1,9,4,10,11,1,0,0.45430999994277954,1,10,1,NaN,NaN,NaN,NaN,NaN,1,1,0,0,0,0,0,0,0,0,0,1,1,0,0,0,0,0,0,0,0,0,0,0,1,0,0,0,0,0,0,0,0,0,0,0,0,1,0,0,0,0,0,0,0,0,0,0,0,0,1,0,1,0,APKTDTD9LK539,3EG49X351VSUC2ZH4YLPYPLW6696X4
1,9,5,10,11,0,1,0.34508500003721565,1,10,0,NaN,NaN,NaN,NaN,NaN,1,1,0,0,0,0,0,0,0,0,0,1,1,0,0,0,0,0,0,0,0,0,0,0,1,0,0,0,0,0,0,0,0,0,0,0,0,0,0,0,0,0,0,0,0,0,0,0,0,0,0,1,0,0,APKTDTD9LK539,3EG49X351VSUC2ZH4YLPYPLW6696X4
1,9,6,11,10,0,1,0.9966799999820068,2,10,1,NaN,NaN,NaN,NaN,NaN,1,1,0,0,0,0,0,0,0,0,0,1,1,0,0,0,0,0,0,0,0,0,0,0,1,0,0,0,0,0,0,0,0,0,0,0,0,1,0,0,0,0,0,0,0,0,0,0,0,0,1,0,1,0,APKTDTD9LK539,3EG49X351VSUC2ZH4YLPYPLW6696X4
1,9,7,11,10,0,1,0.463359999936074,2,10,1,NaN,NaN,NaN,NaN,NaN,1,1,0,0,0,0,0,0,0,0,0,1,1,0,0,0,0,0,0,0,0,0,0,0,1,0,0,0,0,0,0,0,0,0,0,0,0,1,0,0,0,0,0,0,0,0,0,0,0,0,1,0,1,0,APKTDTD9LK539,3EG49X351VSUC2ZH4YLPYPLW6696X4
1,9,8,10,11,0,0,0.7806450000498444,1,10,0,NaN,NaN,NaN,NaN,NaN,1,1,0,0,0,0,0,0,0,0,0,1,1,0,0,0,0,0,0,0,0,0,0,0,1,0,0,0,0,0,0,0,0,0,0,0,0,0,0,0,0,0,0,0,0,0,0,0,0,0,0,0,1,0,APKTDTD9LK539,3EG49X351VSUC2ZH4YLPYPLW6696X4
1,9,9,11,10,0,0,0.4970449999673292,2,10,0,NaN,NaN,NaN,NaN,NaN,1,1,0,0,0,0,0,0,0,0,0,1,1,0,0,0,0,0,0,0,0,0,0,0,1,0,0,0,0,0,0,0,0,0,0,0,0,0,0,0,0,0,0,0,0,0,0,0,0,0,0,0,1,0,APKTDTD9LK539,3EG49X351VSUC2ZH4YLPYPLW6696X4
1,9,10,11,10,0,1,0.5053199999965727,2,10,1,NaN,NaN,NaN,NaN,NaN,1,1,0,0,0,0,0,0,0,0,0,1,1,0,0,0,0,0,0,0,0,0,0,0,1,0,0,0,0,0,0,0,0,0,0,0,0,1,0,0,0,0,0,0,0,0,0,0,0,0,1,0,1,0,APKTDTD9LK539,3EG49X351VSUC2ZH4YLPYPLW6696X4
1,9,11,10,12,0,0,0.4584499999182299,1,10,0,NaN,NaN,NaN,NaN,NaN,1,1,0,0,0,0,0,0,0,0,0,1,0,1,0,0,0,0,0,0,0,0,0,0,1,0,0,0,0,0,0,0,0,0,0,0,0,0,0,0,0,0,0,0,0,0,0,0,0,0,0,0,0,0,APKTDTD9LK539,3EG49X351VSUC2ZH4YLPYPLW6696X4
1,9,12,12,10,1,0,0.42675999994389713,2,10,0,NaN,NaN,NaN,NaN,NaN,1,1,0,0,0,0,0,0,0,0,0,1,0,1,0,0,0,0,0,0,0,0,0,0,1,0,0,0,0,0,0,0,0,0,0,0,0,0,0,0,0,0,0,0,0,0,0,0,0,0,0,0,1,0,APKTDTD9LK539,3EG49X351VSUC2ZH4YLPYPLW6696X4
1,9,13,10,11,1,0,0.715154999983497,1,10,1,NaN,NaN,NaN,NaN,NaN,1,1,0,0,0,0,0,0,0,0,0,1,1,0,0,0,0,0,0,0,0,0,0,0,1,0,0,0,0,0,0,0,0,0,0,0,0,1,0,0,0,0,0,0,0,0,0,0,0,0,1,0,1,0,APKTDTD9LK539,3EG49X351VSUC2ZH4YLPYPLW6696X4
1,9,14,12,11,1,0,0.5386749999597669,2,11,0,NaN,NaN,NaN,NaN,NaN,1,1,0,0,0,0,0,0,0,0,0,0,1,1,0,0,0,0,0,0,0,0,0,0,0,1,0,0,0,0,0,0,0,0,0,0,0,0,0,0,0,0,0,0,0,0,0,0,0,0,0,0,1,0,APKTDTD9LK539,3EG49X351VSUC2ZH4YLPYPLW6696X4
1,9,15,10,11,1,0,0.7911249999888241,2,11,0,NaN,NaN,NaN,NaN,NaN,1,1,0,0,0,0,0,0,0,0,0,1,1,0,0,0,0,0,0,0,0,0,0,0,0,1,0,0,0,0,0,0,0,0,0,0,0,0,0,0,0,0,0,0,0,0,0,0,0,0,1,0,0,0,APKTDTD9LK539,3EG49X351VSUC2ZH4YLPYPLW6696X4
1,10,1,10,1,1,0,0.6062149999197572,1,10,1,NaN,NaN,NaN,NaN,NaN,1,1,1,0,0,0,0,0,0,0,0,1,0,0,0,0,0,0,0,0,0,0,0,0,1,0,0,0,0,0,0,0,0,0,0,0,0,1,0,0,0,0,0,0,0,0,1,0,0,0,1,0,0,0,APKTDTD9LK539,3EG49X351VSUC2ZH4YLPYPLW6696X4
1,10,2,1,10,0,1,0.4690349999582395,2,10,1,NaN,NaN,NaN,NaN,NaN,1,1,1,0,0,0,0,0,0,0,0,1,0,0,0,0,0,0,0,0,0,0,0,0,1,0,0,0,0,0,0,0,0,0,0,0,0,1,0,0,0,0,0,0,0,0,1,0,0,0,1,0,0,0,APKTDTD9LK539,3EG49X351VSUC2ZH4YLPYPLW6696X4
1,10,3,1,10,1,1,0.8098849999951199,2,10,1,NaN,NaN,NaN,NaN,NaN,1,1,1,0,0,0,0,0,0,0,0,1,0,0,0,0,0,0,0,0,0,0,0,0,1,0,0,0,0,0,0,0,0,0,0,0,0,1,0,0,0,1,0,0,0,0,0,0,0,0,1,0,0,0,APKTDTD9LK539,3EG49X351VSUC2ZH4YLPYPLW6696X4
1,10,4,10,1,0,1,0.5208049999782816,1,10,0,NaN,NaN,NaN,NaN,NaN,1,1,1,0,0,0,0,0,0,0,0,1,0,0,0,0,0,0,0,0,0,0,0,0,1,0,0,0,0,0,0,0,0,0,0,0,0,0,0,0,0,1,0,0,0,0,0,0,0,0,0,0,0,0,APKTDTD9LK539,3EG49X351VSUC2ZH4YLPYPLW6696X4
1,10,5,1,10,1,1,0.443254999932833,2,10,1,NaN,NaN,NaN,NaN,NaN,1,1,1,0,0,0,0,0,0,0,0,1,0,0,0,0,0,0,0,0,0,0,0,0,1,0,0,0,0,0,0,0,0,0,0,0,0,1,0,0,0,1,0,0,0,0,0,0,0,0,1,0,0,0,APKTDTD9LK539,3EG49X351VSUC2ZH4YLPYPLW6696X4
1,10,6,10,1,0,0,0.389519999967888,1,10,0,NaN,NaN,NaN,NaN,NaN,1,1,1,0,0,0,0,0,0,0,0,1,0,0,0,0,0,0,0,0,0,0,0,0,1,0,0,0,0,0,0,0,0,0,0,0,0,0,0,0,0,0,0,0,0,0,0,0,0,0,0,0,0,0,APKTDTD9LK539,3EG49X351VSUC2ZH4YLPYPLW6696X4
1,10,7,10,1,0,1,0.7655450000893325,1,10,0,NaN,NaN,NaN,NaN,NaN,1,1,1,0,0,0,0,0,0,0,0,1,0,0,0,0,0,0,0,0,0,0,0,0,1,0,0,0,0,0,0,0,0,0,0,0,0,0,0,0,0,1,0,0,0,0,0,0,0,0,0,0,0,0,APKTDTD9LK539,3EG49X351VSUC2ZH4YLPYPLW6696X4
1,10,8,1,10,0,0,0.47258000005967915,2,10,0,NaN,NaN,NaN,NaN,NaN,1,1,1,0,0,0,0,0,0,0,0,1,0,0,0,0,0,0,0,0,0,0,0,0,1,0,0,0,0,0,0,0,0,0,0,0,0,0,0,0,0,0,0,0,0,0,0,0,0,0,0,0,0,0,APKTDTD9LK539,3EG49X351VSUC2ZH4YLPYPLW6696X4
1,10,9,1,10,1,0,0.503885000012815,2,10,0,NaN,NaN,NaN,NaN,NaN,1,1,1,0,0,0,0,0,0,0,0,1,0,0,0,0,0,0,0,0,0,0,0,0,1,0,0,0,0,0,0,0,0,0,0,0,0,0,0,0,0,1,0,0,0,0,0,0,0,0,0,0,0,0,APKTDTD9LK539,3EG49X351VSUC2ZH4YLPYPLW6696X4
1,10,10,6,10,0,1,0.4323099999455735,2,10,1,NaN,NaN,NaN,NaN,NaN,1,1,0,0,0,0,0,1,0,0,0,1,0,0,0,0,0,0,0,0,0,0,0,0,1,0,0,0,0,0,0,0,0,0,0,0,0,1,0,0,0,1,0,0,0,0,0,0,0,0,1,0,0,0,APKTDTD9LK539,3EG49X351VSUC2ZH4YLPYPLW6696X4
1,10,11,6,1,0,0,1.0603450000053272,1,6,0,NaN,NaN,NaN,NaN,NaN,1,1,1,0,0,0,0,1,0,0,0,0,0,0,0,0,0,0,0,0,1,0,0,0,0,0,0,0,0,0,0,0,0,0,0,0,0,0,0,0,0,0,0,0,0,0,0,0,0,0,1,0,0,0,APKTDTD9LK539,3EG49X351VSUC2ZH4YLPYPLW6696X4
1,10,12,1,6,0,0,0.8920749999815598,1,1,0,NaN,NaN,NaN,NaN,NaN,1,1,1,0,0,0,0,1,0,0,0,0,0,0,0,1,0,0,0,0,0,0,0,0,0,0,0,0,0,0,0,0,0,0,0,0,0,0,0,0,0,0,0,0,0,0,0,0,0,0,1,0,0,0,APKTDTD9LK539,3EG49X351VSUC2ZH4YLPYPLW6696X4
1,10,13,1,6,0,0,0.4552100000437349,2,6,0,NaN,NaN,NaN,NaN,NaN,1,1,1,0,0,0,0,1,0,0,0,0,0,0,0,0,0,0,0,0,1,0,0,0,0,0,0,0,0,0,0,0,0,0,0,0,0,0,0,0,0,0,0,0,0,0,0,0,0,0,0,0,0,0,APKTDTD9LK539,3EG49X351VSUC2ZH4YLPYPLW6696X4
1,10,14,10,1,1,1,0.9469699999317527,1,10,1,NaN,NaN,NaN,NaN,NaN,1,1,1,0,0,0,0,0,0,0,0,1,0,0,0,0,0,0,0,0,0,0,0,0,1,0,0,0,0,0,0,0,0,0,0,0,0,1,0,0,0,1,0,0,0,0,0,0,0,0,1,0,0,0,APKTDTD9LK539,3EG49X351VSUC2ZH4YLPYPLW6696X4
1,10,15,1,10,1,1,0.5854599999729544,2,10,1,NaN,NaN,NaN,NaN,NaN,1,1,1,0,0,0,0,0,0,0,0,1,0,0,0,0,0,0,0,0,0,0,0,0,1,0,0,0,0,0,0,0,0,0,0,0,0,1,0,0,0,1,0,0,0,0,1,0,0,0,1,0,0,0,APKTDTD9LK539,3EG49X351VSUC2ZH4YLPYPLW6696X4
1,11,1,10,11,1,0,0.7208049999317154,1,10,1,NaN,NaN,NaN,NaN,NaN,1,1,0,0,0,0,0,0,0,0,0,1,1,0,0,0,0,0,0,0,0,0,0,0,1,0,0,0,0,0,0,0,0,0,0,0,0,1,0,0,0,0,1,0,0,0,0,0,0,0,1,0,0,0,APKTDTD9LK539,3EG49X351VSUC2ZH4YLPYPLW6696X4
1,11,2,10,11,1,0,0.5196700000669807,1,10,1,NaN,NaN,NaN,NaN,NaN,1,1,0,0,0,0,0,0,0,0,0,1,1,0,0,0,0,0,0,0,0,0,0,0,1,0,0,0,0,0,0,0,0,0,0,0,0,1,0,0,0,0,1,0,0,0,0,0,0,0,1,0,0,0,APKTDTD9LK539,3EG49X351VSUC2ZH4YLPYPLW6696X4
1,11,3,10,11,0,0,0.46074999996926636,1,10,0,NaN,NaN,NaN,NaN,NaN,1,1,0,0,0,0,0,0,0,0,0,1,1,0,0,0,0,0,0,0,0,0,0,0,1,0,0,0,0,0,0,0,0,0,0,0,0,0,0,0,0,0,1,0,0,0,0,0,0,0,0,0,0,0,APKTDTD9LK539,3EG49X351VSUC2ZH4YLPYPLW6696X4
1,11,4,11,10,0,0,0.6988699999637902,2,10,0,NaN,NaN,NaN,NaN,NaN,1,1,0,0,0,0,0,0,0,0,0,1,1,0,0,0,0,0,0,0,0,0,0,0,1,0,0,0,0,0,0,0,0,0,0,0,0,0,0,0,0,0,0,0,0,0,0,0,0,0,0,0,0,0,APKTDTD9LK539,3EG49X351VSUC2ZH4YLPYPLW6696X4
1,11,5,10,11,0,0,0.40482000005431473,1,10,0,NaN,NaN,NaN,NaN,NaN,1,1,0,0,0,0,0,0,0,0,0,1,1,0,0,0,0,0,0,0,0,0,0,0,1,0,0,0,0,0,0,0,0,0,0,0,0,0,0,0,0,0,1,0,0,0,0,0,0,0,0,0,0,0,APKTDTD9LK539,3EG49X351VSUC2ZH4YLPYPLW6696X4
1,11,6,10,11,0,1,0.45263499999418855,1,10,0,NaN,NaN,NaN,NaN,NaN,1,1,0,0,0,0,0,0,0,0,0,1,1,0,0,0,0,0,0,0,0,0,0,0,1,0,0,0,0,0,0,0,0,0,0,0,0,0,0,0,0,0,1,0,0,0,0,0,0,0,0,1,0,0,APKTDTD9LK539,3EG49X351VSUC2ZH4YLPYPLW6696X4
1,11,7,11,10,1,0,0.509775000042282,2,10,0,NaN,NaN,NaN,NaN,NaN,1,1,0,0,0,0,0,0,0,0,0,1,1,0,0,0,0,0,0,0,0,0,0,0,1,0,0,0,0,0,0,0,0,0,0,0,0,0,0,0,0,0,0,0,0,0,0,0,0,0,0,1,0,0,APKTDTD9LK539,3EG49X351VSUC2ZH4YLPYPLW6696X4
1,11,8,2,10,1,1,0.5172350000357255,1,2,1,NaN,NaN,NaN,NaN,NaN,1,1,0,1,0,0,0,0,0,0,0,1,0,0,0,0,1,0,0,0,0,0,0,0,0,0,0,0,0,1,0,0,0,0,0,0,0,0,0,0,0,0,1,0,0,0,0,0,0,0,1,0,0,0,APKTDTD9LK539,3EG49X351VSUC2ZH4YLPYPLW6696X4
1,11,9,11,2,0,0,0.5313749999040738,2,2,0,NaN,NaN,NaN,NaN,NaN,1,1,0,1,0,0,0,0,0,0,0,0,1,0,0,0,1,0,0,0,0,0,0,0,0,0,0,0,0,0,0,0,0,0,0,0,0,0,0,0,0,0,0,0,0,0,0,0,0,0,1,0,0,0,APKTDTD9LK539,3EG49X351VSUC2ZH4YLPYPLW6696X4
1,11,10,2,11,1,0,0.4585949999745935,1,2,1,NaN,NaN,NaN,NaN,NaN,1,1,0,1,0,0,0,0,0,0,0,0,1,0,0,0,1,0,0,0,0,0,0,0,0,0,0,0,0,1,0,0,0,0,0,0,0,0,0,0,0,0,1,0,0,0,0,0,0,0,1,0,0,0,APKTDTD9LK539,3EG49X351VSUC2ZH4YLPYPLW6696X4
1,11,11,2,11,1,0,0.4792900000466034,1,2,1,NaN,NaN,NaN,NaN,NaN,1,1,0,1,0,0,0,0,0,0,0,0,1,0,0,0,1,0,0,0,0,0,0,0,0,0,0,0,0,1,0,0,0,0,0,0,0,0,0,0,0,0,1,0,0,0,0,0,0,0,1,0,0,0,APKTDTD9LK539,3EG49X351VSUC2ZH4YLPYPLW6696X4
1,11,12,2,10,0,0,0.43556000001262873,1,2,0,NaN,NaN,NaN,NaN,NaN,1,1,0,1,0,0,0,0,0,0,0,1,0,0,0,0,1,0,0,0,0,0,0,0,0,0,0,0,0,0,0,0,0,0,0,0,0,0,0,0,0,0,0,0,0,0,0,0,0,0,0,1,0,0,APKTDTD9LK539,3EG49X351VSUC2ZH4YLPYPLW6696X4
1,11,13,11,2,0,0,0.48547500011045486,2,2,0,NaN,NaN,NaN,NaN,NaN,1,1,0,1,0,0,0,0,0,0,0,0,1,0,0,0,1,0,0,0,0,0,0,0,0,0,0,0,0,0,0,0,0,0,0,0,0,0,0,0,0,0,0,0,0,0,0,0,0,0,1,0,0,0,APKTDTD9LK539,3EG49X351VSUC2ZH4YLPYPLW6696X4
1,11,14,10,2,1,0,0.47669999999925494,2,2,0,NaN,NaN,NaN,NaN,NaN,1,1,0,1,0,0,0,0,0,0,0,1,0,0,0,0,1,0,0,0,0,0,0,0,0,0,0,0,0,0,0,0,0,0,0,0,0,0,0,0,0,0,0,0,0,0,0,0,0,0,1,0,0,0,APKTDTD9LK539,3EG49X351VSUC2ZH4YLPYPLW6696X4
1,11,15,2,10,0,1,0.4853049999801442,1,2,0,NaN,NaN,NaN,NaN,NaN,1,1,0,1,0,0,0,0,0,0,0,1,0,0,0,0,1,0,0,0,0,0,0,0,0,0,0,0,0,0,0,0,0,0,0,0,0,0,0,0,0,0,0,0,0,0,0,0,0,0,1,0,0,0,APKTDTD9LK539,3EG49X351VSUC2ZH4YLPYPLW6696X4
