runID,blockID,trialID,trialStimID_1,trialStimID_2,trialStimReward_1,trialStimReward_2,RT,respKey,selectedStimID,outcome,tFixOn,tStimOn,tRespOn,tFBOn,tFBOff,jitterFB,jitterITI,isTrialStim_1,isTrialStim_2,isTrialStim_3,isTrialStim_4,isTrialStim_5,isTrialStim_6,isTrialStim_7,isTrialStim_8,isTrialStim_9,isTrialStim_10,isTrialStim_11,isTrialStim_12,isTrialStim_13,isSelected_1,isSelected_2,isSelected_3,isSelected_4,isSelected_5,isSelected_6,isSelected_7,isSelected_8,isSelected_9,isSelected_10,isSelected_11,isSelected_12,isSelected_13,isSelectedWin_1,isSelectedWin_2,isSelectedWin_3,isSelectedWin_4,isSelectedWin_5,isSelectedWin_6,isSelectedWin_7,isSelectedWin_8,isSelectedWin_9,isSelectedWin_10,isSelectedWin_11,isSelectedWin_12,isSelectedWin_13,isWin_1,isWin_2,isWin_3,isWin_4,isWin_5,isWin_6,isWin_7,isWin_8,isWin_9,isWin_10,isWin_11,isWin_12,isWin_13,workerId,assignmentId
1,1,1,7,11,1,1,1.6248349999659695,2,11,1,NaN,NaN,NaN,NaN,NaN,1,1,0,0,0,0,0,0,1,0,0,0,1,0,0,0,0,0,0,0,0,0,0,0,0,1,0,0,0,0,0,0,0,0,0,0,0,0,1,0,0,0,0,0,0,0,0,1,0,0,0,1,0,0,AWP6CD7XCNSSU,3UJ1CZ6IZI5QXHD4555X7BQ4XDLS5R
1,1,2,3,11,0,1,0.23982000001706183,1,3,0,NaN,NaN,NaN,NaN,NaN,1,1,0,0,1,0,0,0,0,0,0,0,1,0,0,0,0,1,0,0,0,0,0,0,0,0,0,0,0,0,0,0,0,0,0,0,0,0,0,0,0,0,0,0,0,0,0,1,0,0,0,1,0,0,AWP6CD7XCNSSU,3UJ1CZ6IZI5QXHD4555X7BQ4XDLS5R
1,1,3,7,11,1,0,0.43423999997321516,2,11,0,NaN,NaN,NaN,NaN,NaN,1,1,0,0,0,0,0,0,1,0,0,0,1,0,0,0,0,0,0,0,0,0,0,0,0,1,0,0,0,0,0,0,0,0,0,0,0,0,0,0,0,0,0,0,0,0,0,1,0,0,0,0,0,0,AWP6CD7XCNSSU,3UJ1CZ6IZI5QXHD4555X7BQ4XDLS5R
1,1,4,7,3,0,0,0.5972549999714829,1,7,0,NaN,NaN,NaN,NaN,NaN,1,1,0,0,1,0,0,0,1,0,0,0,0,0,0,0,0,0,0,0,0,1,0,0,0,0,0,0,0,0,0,0,0,0,0,0,0,0,0,0,0,0,0,0,0,0,0,0,0,0,0,0,0,0,AWP6CD7XCNSSU,3UJ1CZ6IZI5QXHD4555X7BQ4XDLS5R
1,1,5,7,11,1,0,0.5154849999817088,2,11,0,NaN,NaN,NaN,NaN,NaN,1,1,0,0,0,0,0,0,1,0,0,0,1,0,0,0,0,0,0,0,0,0,0,0,0,1,0,0,0,0,0,0,0,0,0,0,0,0,0,0,0,0,0,0,0,0,0,1,0,0,0,0,0,0,AWP6CD7XCNSSU,3UJ1CZ6IZI5QXHD4555X7BQ4XDLS5R
1,1,6,3,11,1,1,0.19623500003945082,1,3,1,NaN,NaN,NaN,NaN,NaN,1,1,0,0,1,0,0,0,0,0,0,0,1,0,0,0,0,1,0,0,0,0,0,0,0,0,0,0,0,0,1,0,0,0,0,0,0,0,0,0,0,0,0,1,0,0,0,1,0,0,0,1,0,0,AWP6CD7XCNSSU,3UJ1CZ6IZI5QXHD4555X7BQ4XDLS5R
1,1,7,11,3,1,0,0.23684500000672415,1,11,1,NaN,NaN,NaN,NaN,NaN,1,1,0,0,1,0,0,0,0,0,0,0,1,0,0,0,0,0,0,0,0,0,0,0,0,1,0,0,0,0,0,0,0,0,0,0,0,0,1,0,0,0,0,0,0,0,0,1,0,0,0,1,0,0,AWP6CD7XCNSSU,3UJ1CZ6IZI5QXHD4555X7BQ4XDLS5R
1,1,8,3,7,1,1,0.3243899999652058,1,3,1,NaN,NaN,NaN,NaN,NaN,1,1,0,0,1,0,0,0,1,0,0,0,0,0,0,0,0,1,0,0,0,0,0,0,0,0,0,0,0,0,1,0,0,0,0,0,0,0,0,0,0,0,0,1,0,0,0,1,0,0,0,1,0,0,AWP6CD7XCNSSU,3UJ1CZ6IZI5QXHD4555X7BQ4XDLS5R
1,1,9,7,11,0,1,0.8458949999767356,1,7,0,NaN,NaN,NaN,NaN,NaN,1,1,0,0,0,0,0,0,1,0,0,0,1,0,0,0,0,0,0,0,0,1,0,0,0,0,0,0,0,0,0,0,0,0,0,0,0,0,0,0,0,0,0,1,0,0,0,0,0,0,0,1,0,0,AWP6CD7XCNSSU,3UJ1CZ6IZI5QXHD4555X7BQ4XDLS5R
1,1,10,7,3,1,0,0.25440499995602295,1,7,1,NaN,NaN,NaN,NaN,NaN,1,1,0,0,1,0,0,0,1,0,0,0,0,0,0,0,0,0,0,0,0,1,0,0,0,0,0,0,0,0,0,0,0,0,1,0,0,0,0,0,0,0,0,0,0,0,0,1,0,0,0,0,0,0,AWP6CD7XCNSSU,3UJ1CZ6IZI5QXHD4555X7BQ4XDLS5R
1,1,11,11,3,0,0,0.2664299999596551,1,11,0,NaN,NaN,NaN,NaN,NaN,1,1,0,0,1,0,0,0,0,0,0,0,1,0,0,0,0,0,0,0,0,0,0,0,0,1,0,0,0,0,0,0,0,0,0,0,0,0,0,0,0,0,0,0,0,0,0,1,0,0,0,0,0,0,AWP6CD7XCNSSU,3UJ1CZ6IZI5QXHD4555X7BQ4XDLS5R
1,1,12,11,7,0,1,0.8743649999960326,1,11,0,NaN,NaN,NaN,NaN,NaN,1,1,0,0,0,0,0,0,1,0,0,0,1,0,0,0,0,0,0,0,0,0,0,0,0,1,0,0,0,0,0,0,0,0,0,0,0,0,0,0,0,0,0,0,0,0,0,1,0,0,0,0,0,0,AWP6CD7XCNSSU,3UJ1CZ6IZI5QXHD4555X7BQ4XDLS5R
1,1,13,3,7,0,0,0.4837999999872409,1,3,0,NaN,NaN,NaN,NaN,NaN,1,1,0,0,1,0,0,0,1,0,0,0,0,0,0,0,0,1,0,0,0,0,0,0,0,0,0,0,0,0,0,0,0,0,0,0,0,0,0,0,0,0,0,0,0,0,0,0,0,0,0,1,0,0,AWP6CD7XCNSSU,3UJ1CZ6IZI5QXHD4555X7BQ4XDLS5R
1,1,14,7,11,1,1,1.415694999974221,2,11,1,NaN,NaN,NaN,NaN,NaN,1,1,0,0,0,0,0,0,1,0,0,0,1,0,0,0,0,0,0,0,0,0,0,0,0,1,0,0,0,0,0,0,0,0,0,0,0,0,1,0,0,0,0,0,0,0,0,1,0,0,0,1,0,0,AWP6CD7XCNSSU,3UJ1CZ6IZI5QXHD4555X7BQ4XDLS5R
1,1,15,11,3,0,0,0.04542999999830499,1,11,0,NaN,NaN,NaN,NaN,NaN,1,1,0,0,1,0,0,0,0,0,0,0,1,0,0,0,0,0,0,0,0,0,0,0,0,1,0,0,0,0,0,0,0,0,0,0,0,0,0,0,0,0,0,0,0,0,0,1,0,0,0,0,0,0,AWP6CD7XCNSSU,3UJ1CZ6IZI5QXHD4555X7BQ4XDLS5R
1,1,16,7,3,1,0,0.14948500000173226,1,7,1,NaN,NaN,NaN,NaN,NaN,1,1,0,0,1,0,0,0,1,0,0,0,0,0,0,0,0,0,0,0,0,1,0,0,0,0,0,0,0,0,0,0,0,0,1,0,0,0,0,0,0,0,0,0,0,0,0,1,0,0,0,0,0,0,AWP6CD7XCNSSU,3UJ1CZ6IZI5QXHD4555X7BQ4XDLS5R
1,2,1,7,1,0,0,NaN,NaN,NaN,NaN,NaN,NaN,NaN,NaN,NaN,1,1,1,0,0,0,0,0,1,0,0,0,0,0,0,0,0,0,0,0,0,0,0,0,0,0,0,0,0,0,0,0,0,0,0,0,0,0,0,0,0,0,0,0,0,0,0,0,0,0,0,0,0,0,AWP6CD7XCNSSU,3UJ1CZ6IZI5QXHD4555X7BQ4XDLS5R
1,2,2,7,1,0,1,0.19008999998914078,1,7,0,NaN,NaN,NaN,NaN,NaN,1,1,1,0,0,0,0,0,1,0,0,0,0,0,0,0,0,0,0,0,0,1,0,0,0,0,0,0,0,0,0,0,0,0,0,0,0,0,0,0,0,1,0,1,0,0,0,0,0,0,0,0,0,0,AWP6CD7XCNSSU,3UJ1CZ6IZI5QXHD4555X7BQ4XDLS5R
1,2,3,7,1,0,0,0.31663499999558553,1,7,0,NaN,NaN,NaN,NaN,NaN,1,1,1,0,0,0,0,0,1,0,0,0,0,0,0,0,0,0,0,0,0,1,0,0,0,0,0,0,0,0,0,0,0,0,0,0,0,0,0,0,0,0,0,1,0,0,0,0,0,0,0,0,0,0,AWP6CD7XCNSSU,3UJ1CZ6IZI5QXHD4555X7BQ4XDLS5R
1,2,4,1,7,1,0,0.02919500001007691,1,1,1,NaN,NaN,NaN,NaN,NaN,1,1,1,0,0,0,0,0,1,0,0,0,0,0,0,1,0,0,0,0,0,0,0,0,0,0,0,0,1,0,0,0,0,0,0,0,0,0,0,0,0,1,0,0,0,0,0,0,0,0,0,0,0,0,AWP6CD7XCNSSU,3UJ1CZ6IZI5QXHD4555X7BQ4XDLS5R
1,2,5,1,7,0,0,0.7062649999861605,2,7,0,NaN,NaN,NaN,NaN,NaN,1,1,1,0,0,0,0,0,1,0,0,0,0,0,0,0,0,0,0,0,0,1,0,0,0,0,0,0,0,0,0,0,0,0,0,0,0,0,0,0,0,0,0,0,0,0,0,0,0,0,0,0,0,0,AWP6CD7XCNSSU,3UJ1CZ6IZI5QXHD4555X7BQ4XDLS5R
1,2,6,1,7,0,1,0.29227000003447756,1,1,0,NaN,NaN,NaN,NaN,NaN,1,1,1,0,0,0,0,0,1,0,0,0,0,0,0,1,0,0,0,0,0,0,0,0,0,0,0,0,0,0,0,0,0,0,0,0,0,0,0,0,0,0,0,1,0,0,0,1,0,0,0,0,0,0,AWP6CD7XCNSSU,3UJ1CZ6IZI5QXHD4555X7BQ4XDLS5R
1,2,7,7,1,0,1,0.13682999997399747,1,7,0,NaN,NaN,NaN,NaN,NaN,1,1,1,0,0,0,0,0,1,0,0,0,0,0,0,0,0,0,0,0,0,1,0,0,0,0,0,0,0,0,0,0,0,0,0,0,0,0,0,0,0,1,0,0,0,0,0,0,0,0,0,0,0,0,AWP6CD7XCNSSU,3UJ1CZ6IZI5QXHD4555X7BQ4XDLS5R
1,2,8,7,3,0,1,1.0759650000254624,1,7,0,NaN,NaN,NaN,NaN,NaN,1,1,0,0,1,0,0,0,1,0,0,0,0,0,0,0,0,0,0,0,0,1,0,0,0,0,0,0,0,0,0,0,0,0,0,0,0,0,0,0,0,0,0,1,0,0,0,0,0,0,0,0,0,0,AWP6CD7XCNSSU,3UJ1CZ6IZI5QXHD4555X7BQ4XDLS5R
1,2,9,3,1,1,0,NaN,NaN,NaN,NaN,NaN,NaN,NaN,NaN,NaN,1,1,1,0,1,0,0,0,0,0,0,0,0,0,0,0,0,0,0,0,0,0,0,0,0,0,0,0,0,0,0,0,0,0,0,0,0,0,0,0,0,0,0,1,0,0,0,0,0,0,0,0,0,0,AWP6CD7XCNSSU,3UJ1CZ6IZI5QXHD4555X7BQ4XDLS5R
1,2,10,1,7,0,0,0.1495800000266172,2,7,0,NaN,NaN,NaN,NaN,NaN,1,1,1,0,0,0,0,0,1,0,0,0,0,0,0,0,0,0,0,0,0,1,0,0,0,0,0,0,0,0,0,0,0,0,0,0,0,0,0,0,0,0,0,0,0,0,0,0,0,0,0,0,0,0,AWP6CD7XCNSSU,3UJ1CZ6IZI5QXHD4555X7BQ4XDLS5R
1,2,11,7,1,0,1,0.6554450000403449,1,7,0,NaN,NaN,NaN,NaN,NaN,1,1,1,0,0,0,0,0,1,0,0,0,0,0,0,0,0,0,0,0,0,1,0,0,0,0,0,0,0,0,0,0,0,0,0,0,0,0,0,0,0,1,0,1,0,0,0,0,0,0,0,0,0,0,AWP6CD7XCNSSU,3UJ1CZ6IZI5QXHD4555X7BQ4XDLS5R
1,2,12,7,3,0,1,0.4502249999786727,2,3,1,NaN,NaN,NaN,NaN,NaN,1,1,0,0,1,0,0,0,1,0,0,0,0,0,0,0,0,1,0,0,0,0,0,0,0,0,0,0,0,0,1,0,0,0,0,0,0,0,0,0,0,1,0,1,0,0,0,0,0,0,0,0,0,0,AWP6CD7XCNSSU,3UJ1CZ6IZI5QXHD4555X7BQ4XDLS5R
1,2,13,7,3,1,1,0.6108099999837577,2,3,1,NaN,NaN,NaN,NaN,NaN,1,1,0,0,1,0,0,0,1,0,0,0,0,0,0,0,0,1,0,0,0,0,0,0,0,0,0,0,0,0,1,0,0,0,0,0,0,0,0,0,0,1,0,1,0,0,0,1,0,0,0,0,0,0,AWP6CD7XCNSSU,3UJ1CZ6IZI5QXHD4555X7BQ4XDLS5R
1,2,14,7,1,1,1,0.33226499997545034,2,1,1,NaN,NaN,NaN,NaN,NaN,1,1,1,0,0,0,0,0,1,0,0,0,0,0,0,1,0,0,0,0,0,0,0,0,0,0,0,0,1,0,0,0,0,0,0,0,0,0,0,0,0,1,0,0,0,0,0,1,0,0,0,0,0,0,AWP6CD7XCNSSU,3UJ1CZ6IZI5QXHD4555X7BQ4XDLS5R
1,3,1,3,7,0,1,NaN,NaN,NaN,NaN,NaN,NaN,NaN,NaN,NaN,1,1,0,0,1,0,0,0,1,0,0,0,0,0,0,0,0,0,0,0,0,0,0,0,0,0,0,0,0,0,0,0,0,0,0,0,0,0,0,0,0,0,0,0,0,0,0,1,0,0,0,0,0,0,AWP6CD7XCNSSU,3UJ1CZ6IZI5QXHD4555X7BQ4XDLS5R
1,3,2,3,7,0,1,0.11733500001719221,2,7,1,NaN,NaN,NaN,NaN,NaN,1,1,0,0,1,0,0,0,1,0,0,0,0,0,0,0,0,0,0,0,0,1,0,0,0,0,0,0,0,0,0,0,0,0,1,0,0,0,0,0,0,0,0,0,0,0,0,1,0,0,0,0,0,0,AWP6CD7XCNSSU,3UJ1CZ6IZI5QXHD4555X7BQ4XDLS5R
1,3,3,3,7,1,0,0.12648500001523644,2,7,0,NaN,NaN,NaN,NaN,NaN,1,1,0,0,1,0,0,0,1,0,0,0,0,0,0,0,0,0,0,0,0,1,0,0,0,0,0,0,0,0,0,0,0,0,0,0,0,0,0,0,0,0,0,1,0,0,0,0,0,0,0,0,0,0,AWP6CD7XCNSSU,3UJ1CZ6IZI5QXHD4555X7BQ4XDLS5R
1,3,4,3,7,0,1,0.8993149999878369,2,7,1,NaN,NaN,NaN,NaN,NaN,1,1,0,0,1,0,0,0,1,0,0,0,0,0,0,0,0,0,0,0,0,1,0,0,0,0,0,0,0,0,0,0,0,0,1,0,0,0,0,0,0,0,0,0,0,0,0,1,0,0,0,0,0,0,AWP6CD7XCNSSU,3UJ1CZ6IZI5QXHD4555X7BQ4XDLS5R
1,3,5,3,7,0,1,0.1661300000268966,2,7,1,NaN,NaN,NaN,NaN,NaN,1,1,0,0,1,0,0,0,1,0,0,0,0,0,0,0,0,0,0,0,0,1,0,0,0,0,0,0,0,0,0,0,0,0,1,0,0,0,0,0,0,0,0,0,0,0,0,1,0,0,0,0,0,0,AWP6CD7XCNSSU,3UJ1CZ6IZI5QXHD4555X7BQ4XDLS5R
1,3,6,7,3,1,1,0.17190999997546896,1,7,1,NaN,NaN,NaN,NaN,NaN,1,1,0,0,1,0,0,0,1,0,0,0,0,0,0,0,0,0,0,0,0,1,0,0,0,0,0,0,0,0,0,0,0,0,1,0,0,0,0,0,0,0,0,1,0,0,0,1,0,0,0,0,0,0,AWP6CD7XCNSSU,3UJ1CZ6IZI5QXHD4555X7BQ4XDLS5R
1,3,7,3,7,1,0,0.5975350000080653,2,7,0,NaN,NaN,NaN,NaN,NaN,1,1,0,0,1,0,0,0,1,0,0,0,0,0,0,0,0,0,0,0,0,1,0,0,0,0,0,0,0,0,0,0,0,0,0,0,0,0,0,0,0,0,0,1,0,0,0,0,0,0,0,0,0,0,AWP6CD7XCNSSU,3UJ1CZ6IZI5QXHD4555X7BQ4XDLS5R
1,3,8,3,7,1,0,1.0356099999626167,2,7,0,NaN,NaN,NaN,NaN,NaN,1,1,0,0,1,0,0,0,1,0,0,0,0,0,0,0,0,0,0,0,0,1,0,0,0,0,0,0,0,0,0,0,0,0,0,0,0,0,0,0,0,0,0,1,0,0,0,0,0,0,0,0,0,0,AWP6CD7XCNSSU,3UJ1CZ6IZI5QXHD4555X7BQ4XDLS5R
1,3,9,7,3,0,1,0.2533949999487959,1,7,0,NaN,NaN,NaN,NaN,NaN,1,1,0,0,1,0,0,0,1,0,0,0,0,0,0,0,0,0,0,0,0,1,0,0,0,0,0,0,0,0,0,0,0,0,0,0,0,0,0,0,0,0,0,1,0,0,0,0,0,0,0,0,1,0,AWP6CD7XCNSSU,3UJ1CZ6IZI5QXHD4555X7BQ4XDLS5R
1,3,10,7,3,0,0,0.18568999995477498,2,3,0,NaN,NaN,NaN,NaN,NaN,1,1,0,0,1,0,0,0,1,0,0,0,0,0,0,0,0,1,0,0,0,0,0,0,0,0,0,0,0,0,0,0,0,0,0,0,0,0,0,0,0,0,0,0,0,0,0,0,0,0,0,0,0,0,AWP6CD7XCNSSU,3UJ1CZ6IZI5QXHD4555X7BQ4XDLS5R
1,3,11,3,12,1,0,0.18865500000538304,2,12,0,NaN,NaN,NaN,NaN,NaN,1,1,0,0,1,0,0,0,0,0,0,0,0,1,0,0,0,0,0,0,0,0,0,0,0,0,1,0,0,0,0,0,0,0,0,0,0,0,0,0,0,0,0,1,0,0,0,0,0,0,0,0,0,0,AWP6CD7XCNSSU,3UJ1CZ6IZI5QXHD4555X7BQ4XDLS5R
1,3,12,12,3,1,1,0.7388599999831058,2,3,1,NaN,NaN,NaN,NaN,NaN,1,1,0,0,1,0,0,0,0,0,0,0,0,1,0,0,0,1,0,0,0,0,0,0,0,0,0,0,0,0,1,0,0,0,0,0,0,0,0,0,0,0,0,1,0,0,0,1,0,0,0,0,1,0,AWP6CD7XCNSSU,3UJ1CZ6IZI5QXHD4555X7BQ4XDLS5R
1,3,13,12,3,1,1,0.2571349999634549,2,3,1,NaN,NaN,NaN,NaN,NaN,1,1,0,0,1,0,0,0,0,0,0,0,0,1,0,0,0,1,0,0,0,0,0,0,0,0,0,0,0,0,1,0,0,0,0,0,0,0,0,0,0,0,0,1,0,0,0,1,0,0,0,0,1,0,AWP6CD7XCNSSU,3UJ1CZ6IZI5QXHD4555X7BQ4XDLS5R
1,4,1,7,5,0,0,1.4826199999661185,2,5,0,NaN,NaN,NaN,NaN,NaN,1,1,0,0,0,0,1,0,1,0,0,0,0,0,0,0,0,0,0,1,0,0,0,0,0,0,0,0,0,0,0,0,0,0,0,0,0,0,0,0,0,1,0,0,0,0,0,0,0,0,0,0,0,0,AWP6CD7XCNSSU,3UJ1CZ6IZI5QXHD4555X7BQ4XDLS5R
1,4,2,7,5,0,1,0.8075399999506772,1,7,0,NaN,NaN,NaN,NaN,NaN,1,1,0,0,0,0,1,0,1,0,0,0,0,0,0,0,0,0,0,0,0,1,0,0,0,0,0,0,0,0,0,0,0,0,0,0,0,0,0,0,0,1,0,0,0,1,0,0,0,0,0,0,0,0,AWP6CD7XCNSSU,3UJ1CZ6IZI5QXHD4555X7BQ4XDLS5R
1,4,3,5,7,1,0,0.4163350000162609,2,7,0,NaN,NaN,NaN,NaN,NaN,1,1,0,0,0,0,1,0,1,0,0,0,0,0,0,0,0,0,0,0,0,1,0,0,0,0,0,0,0,0,0,0,0,0,0,0,0,0,0,0,0,1,0,0,0,1,0,0,0,0,0,0,0,0,AWP6CD7XCNSSU,3UJ1CZ6IZI5QXHD4555X7BQ4XDLS5R
1,4,4,5,7,1,1,0.031190000008791685,2,7,1,NaN,NaN,NaN,NaN,NaN,1,1,0,0,0,0,1,0,1,0,0,0,0,0,0,0,0,0,0,0,0,1,0,0,0,0,0,0,0,0,0,0,0,0,1,0,0,0,0,0,0,1,0,0,0,1,0,1,0,0,0,0,0,0,AWP6CD7XCNSSU,3UJ1CZ6IZI5QXHD4555X7BQ4XDLS5R
1,4,5,5,7,1,0,0.22090499999467283,2,7,0,NaN,NaN,NaN,NaN,NaN,1,1,0,0,0,0,1,0,1,0,0,0,0,0,0,0,0,0,0,0,0,1,0,0,0,0,0,0,0,0,0,0,0,0,0,0,0,0,0,0,0,0,0,0,0,1,0,0,0,0,0,0,0,0,AWP6CD7XCNSSU,3UJ1CZ6IZI5QXHD4555X7BQ4XDLS5R
1,4,6,5,7,1,0,0.8695799999986775,1,5,1,NaN,NaN,NaN,NaN,NaN,1,1,0,0,0,0,1,0,1,0,0,0,0,0,0,0,0,0,0,1,0,0,0,0,0,0,0,0,0,0,0,0,1,0,0,0,0,0,0,0,0,1,0,0,0,1,0,0,0,0,0,0,0,0,AWP6CD7XCNSSU,3UJ1CZ6IZI5QXHD4555X7BQ4XDLS5R
1,4,7,7,5,0,0,0.9734699999680743,1,7,0,NaN,NaN,NaN,NaN,NaN,1,1,0,0,0,0,1,0,1,0,0,0,0,0,0,0,0,0,0,0,0,1,0,0,0,0,0,0,0,0,0,0,0,0,0,0,0,0,0,0,0,0,0,0,0,0,0,0,0,0,0,0,0,0,AWP6CD7XCNSSU,3UJ1CZ6IZI5QXHD4555X7BQ4XDLS5R
1,4,8,7,5,0,0,0.26491500000702217,2,5,0,NaN,NaN,NaN,NaN,NaN,1,1,0,0,0,0,1,0,1,0,0,0,0,0,0,0,0,0,0,1,0,0,0,0,0,0,0,0,0,0,0,0,0,0,0,0,0,0,0,0,0,1,0,0,0,0,0,0,0,0,0,0,0,0,AWP6CD7XCNSSU,3UJ1CZ6IZI5QXHD4555X7BQ4XDLS5R
1,4,9,7,5,0,1,0.2044950000126846,1,7,0,NaN,NaN,NaN,NaN,NaN,1,1,0,0,0,0,1,0,1,0,0,0,0,0,0,0,0,0,0,0,0,1,0,0,0,0,0,0,0,0,0,0,0,0,0,0,0,0,0,0,0,0,0,0,0,1,0,0,0,0,0,0,0,0,AWP6CD7XCNSSU,3UJ1CZ6IZI5QXHD4555X7BQ4XDLS5R
1,4,10,7,5,0,1,1.1040550000034273,1,7,0,NaN,NaN,NaN,NaN,NaN,1,1,0,0,0,0,1,0,1,0,0,0,0,0,0,0,0,0,0,0,0,1,0,0,0,0,0,0,0,0,0,0,0,0,0,0,0,0,0,0,0,1,0,0,0,1,0,0,0,0,0,0,0,0,AWP6CD7XCNSSU,3UJ1CZ6IZI5QXHD4555X7BQ4XDLS5R
1,4,11,5,7,0,1,0.5758049999712966,1,5,0,NaN,NaN,NaN,NaN,NaN,1,1,0,0,0,0,1,0,1,0,0,0,0,0,0,0,0,0,0,1,0,0,0,0,0,0,0,0,0,0,0,0,0,0,0,0,0,0,0,0,0,1,0,0,0,0,0,1,0,0,0,0,0,0,AWP6CD7XCNSSU,3UJ1CZ6IZI5QXHD4555X7BQ4XDLS5R
1,4,12,1,5,1,0,0.5301399999880232,2,5,0,NaN,NaN,NaN,NaN,NaN,1,1,1,0,0,0,1,0,0,0,0,0,0,0,0,0,0,0,0,1,0,0,0,0,0,0,0,0,0,0,0,0,0,0,0,0,0,0,0,0,0,1,0,0,0,0,0,1,0,0,0,0,0,0,AWP6CD7XCNSSU,3UJ1CZ6IZI5QXHD4555X7BQ4XDLS5R
1,4,13,5,7,0,0,0.026895000017248094,2,7,0,NaN,NaN,NaN,NaN,NaN,1,1,0,0,0,0,1,0,1,0,0,0,0,0,0,0,0,0,0,0,0,1,0,0,0,0,0,0,0,0,0,0,0,0,0,0,0,0,0,0,0,1,0,0,0,0,0,0,0,0,0,0,0,0,AWP6CD7XCNSSU,3UJ1CZ6IZI5QXHD4555X7BQ4XDLS5R
1,5,1,3,11,0,1,1.7685950000304729,1,3,0,NaN,NaN,NaN,NaN,NaN,1,1,0,0,1,0,0,0,0,0,0,0,1,0,0,0,0,1,0,0,0,0,0,0,0,0,0,0,0,0,0,0,0,0,0,0,0,0,0,0,0,0,0,0,0,0,0,0,0,0,0,1,0,0,AWP6CD7XCNSSU,3UJ1CZ6IZI5QXHD4555X7BQ4XDLS5R
1,5,2,11,3,1,0,0.7101350000011735,1,11,1,NaN,NaN,NaN,NaN,NaN,1,1,0,0,1,0,0,0,0,0,0,0,1,0,0,0,0,0,0,0,0,0,0,0,0,1,0,0,0,0,0,0,0,0,0,0,0,0,1,0,0,0,0,0,0,0,0,0,0,0,0,1,0,0,AWP6CD7XCNSSU,3UJ1CZ6IZI5QXHD4555X7BQ4XDLS5R
1,5,3,11,3,1,0,0.32176500000059605,1,11,1,NaN,NaN,NaN,NaN,NaN,1,1,0,0,1,0,0,0,0,0,0,0,1,0,0,0,0,0,0,0,0,0,0,0,0,1,0,0,0,0,0,0,0,0,0,0,0,0,1,0,0,0,0,0,0,0,0,0,0,0,0,1,0,0,AWP6CD7XCNSSU,3UJ1CZ6IZI5QXHD4555X7BQ4XDLS5R
1,5,4,11,3,0,1,0.6729700000141747,1,11,0,NaN,NaN,NaN,NaN,NaN,1,1,0,0,1,0,0,0,0,0,0,0,1,0,0,0,0,0,0,0,0,0,0,0,0,1,0,0,0,0,0,0,0,0,0,0,0,0,0,0,0,0,1,1,0,0,0,0,0,0,0,0,0,0,AWP6CD7XCNSSU,3UJ1CZ6IZI5QXHD4555X7BQ4XDLS5R
1,5,5,11,3,1,1,0.3504049999755807,1,11,1,NaN,NaN,NaN,NaN,NaN,1,1,0,0,1,0,0,0,0,0,0,0,1,0,0,0,0,0,0,0,0,0,0,0,0,1,0,0,0,0,0,0,0,0,0,0,0,0,1,0,0,0,0,1,0,0,0,0,0,0,0,1,0,0,AWP6CD7XCNSSU,3UJ1CZ6IZI5QXHD4555X7BQ4XDLS5R
1,5,6,11,3,1,0,0.7785750000039116,1,11,1,NaN,NaN,NaN,NaN,NaN,1,1,0,0,1,0,0,0,0,0,0,0,1,0,0,0,0,0,0,0,0,0,0,0,0,1,0,0,0,0,0,0,0,0,0,0,0,0,1,0,0,0,0,0,0,0,0,0,0,0,0,1,0,0,AWP6CD7XCNSSU,3UJ1CZ6IZI5QXHD4555X7BQ4XDLS5R
1,5,7,3,11,1,1,0.8868600000278093,1,3,1,NaN,NaN,NaN,NaN,NaN,1,1,0,0,1,0,0,0,0,0,0,0,1,0,0,0,0,1,0,0,0,0,0,0,0,0,0,0,0,0,1,0,0,0,0,0,0,0,0,0,0,0,0,1,0,0,0,0,0,0,0,1,0,0,AWP6CD7XCNSSU,3UJ1CZ6IZI5QXHD4555X7BQ4XDLS5R
1,5,8,3,2,1,0,0.5301800000015646,1,3,1,NaN,NaN,NaN,NaN,NaN,1,1,0,1,1,0,0,0,0,0,0,0,0,0,0,0,0,1,0,0,0,0,0,0,0,0,0,0,0,0,1,0,0,0,0,0,0,0,0,0,0,0,0,1,0,0,0,0,0,0,0,0,0,0,AWP6CD7XCNSSU,3UJ1CZ6IZI5QXHD4555X7BQ4XDLS5R
1,5,9,3,2,1,0,0.02073500002734363,1,3,1,NaN,NaN,NaN,NaN,NaN,1,1,0,1,1,0,0,0,0,0,0,0,0,0,0,0,0,1,0,0,0,0,0,0,0,0,0,0,0,0,1,0,0,0,0,0,0,0,0,0,0,0,0,1,0,0,0,0,0,0,0,1,0,0,AWP6CD7XCNSSU,3UJ1CZ6IZI5QXHD4555X7BQ4XDLS5R
1,5,10,11,2,1,0,0.033804999955464154,1,11,1,NaN,NaN,NaN,NaN,NaN,1,1,0,1,0,0,0,0,0,0,0,0,1,0,0,0,0,0,0,0,0,0,0,0,0,1,0,0,0,0,0,0,0,0,0,0,0,0,1,0,0,0,0,1,0,0,0,0,0,0,0,1,0,0,AWP6CD7XCNSSU,3UJ1CZ6IZI5QXHD4555X7BQ4XDLS5R
1,5,11,11,3,1,0,0.6992100000497885,1,11,1,NaN,NaN,NaN,NaN,NaN,1,1,0,0,1,0,0,0,0,0,0,0,1,0,0,0,0,0,0,0,0,0,0,0,0,1,0,0,0,0,0,0,0,0,0,0,0,0,1,0,0,0,0,0,0,0,0,0,0,0,0,1,0,0,AWP6CD7XCNSSU,3UJ1CZ6IZI5QXHD4555X7BQ4XDLS5R
1,5,12,2,3,0,0,0.41202999994857237,1,2,0,NaN,NaN,NaN,NaN,NaN,1,1,0,1,1,0,0,0,0,0,0,0,0,0,0,0,1,0,0,0,0,0,0,0,0,0,0,0,0,0,0,0,0,0,0,0,0,0,0,0,0,0,0,0,0,0,0,0,0,0,0,1,0,0,AWP6CD7XCNSSU,3UJ1CZ6IZI5QXHD4555X7BQ4XDLS5R
1,5,13,3,2,1,0,0.927434999961406,1,3,1,NaN,NaN,NaN,NaN,NaN,1,1,0,1,1,0,0,0,0,0,0,0,0,0,0,0,0,1,0,0,0,0,0,0,0,0,0,0,0,0,1,0,0,0,0,0,0,0,0,0,0,0,0,1,0,0,0,0,0,0,0,0,0,0,AWP6CD7XCNSSU,3UJ1CZ6IZI5QXHD4555X7BQ4XDLS5R
1,5,14,11,3,1,1,0.21459499996853992,1,11,1,NaN,NaN,NaN,NaN,NaN,1,1,0,0,1,0,0,0,0,0,0,0,1,0,0,0,0,0,0,0,0,0,0,0,0,1,0,0,0,0,0,0,0,0,0,0,0,0,1,0,0,0,0,1,0,0,0,0,0,0,0,1,0,0,AWP6CD7XCNSSU,3UJ1CZ6IZI5QXHD4555X7BQ4XDLS5R
1,5,15,11,2,1,1,0.16710500000044703,1,11,1,NaN,NaN,NaN,NaN,NaN,1,1,0,1,0,0,0,0,0,0,0,0,1,0,0,0,0,0,0,0,0,0,0,0,0,1,0,0,0,0,0,0,0,0,0,0,0,0,1,0,0,0,1,0,0,0,0,0,0,0,0,1,0,0,AWP6CD7XCNSSU,3UJ1CZ6IZI5QXHD4555X7BQ4XDLS5R
1,5,16,3,11,0,1,0.20957499998621643,1,3,0,NaN,NaN,NaN,NaN,NaN,1,1,0,0,1,0,0,0,0,0,0,0,1,0,0,0,0,1,0,0,0,0,0,0,0,0,0,0,0,0,0,0,0,0,0,0,0,0,0,0,0,0,1,0,0,0,0,0,0,0,0,1,0,0,AWP6CD7XCNSSU,3UJ1CZ6IZI5QXHD4555X7BQ4XDLS5R
1,6,1,8,1,1,0,0.7791749999742024,1,8,1,NaN,NaN,NaN,NaN,NaN,1,1,1,0,0,0,0,0,0,1,0,0,0,0,0,0,0,0,0,0,0,0,1,0,0,0,0,0,0,0,0,0,0,0,0,1,0,0,0,0,0,0,0,0,0,0,0,0,1,0,0,0,0,0,AWP6CD7XCNSSU,3UJ1CZ6IZI5QXHD4555X7BQ4XDLS5R
1,6,2,8,1,0,1,0.8446399999666028,1,8,0,NaN,NaN,NaN,NaN,NaN,1,1,1,0,0,0,0,0,0,1,0,0,0,0,0,0,0,0,0,0,0,0,1,0,0,0,0,0,0,0,0,0,0,0,0,0,0,0,0,0,0,1,0,0,0,1,0,0,0,0,0,0,0,0,AWP6CD7XCNSSU,3UJ1CZ6IZI5QXHD4555X7BQ4XDLS5R
1,6,3,1,8,1,0,0.5647800000151619,1,1,1,NaN,NaN,NaN,NaN,NaN,1,1,1,0,0,0,0,0,0,1,0,0,0,0,0,1,0,0,0,0,0,0,0,0,0,0,0,0,1,0,0,0,0,0,0,0,0,0,0,0,0,1,0,0,0,0,0,0,0,0,0,0,0,0,AWP6CD7XCNSSU,3UJ1CZ6IZI5QXHD4555X7BQ4XDLS5R
1,6,4,1,8,1,0,0.09292500000447035,1,1,1,NaN,NaN,NaN,NaN,NaN,1,1,1,0,0,0,0,0,0,1,0,0,0,0,0,1,0,0,0,0,0,0,0,0,0,0,0,0,1,0,0,0,0,0,0,0,0,0,0,0,0,1,0,0,0,0,0,0,0,0,0,0,0,0,AWP6CD7XCNSSU,3UJ1CZ6IZI5QXHD4555X7BQ4XDLS5R
1,6,5,8,1,1,0,0.1986250000190921,1,8,1,NaN,NaN,NaN,NaN,NaN,1,1,1,0,0,0,0,0,0,1,0,0,0,0,0,0,0,0,0,0,0,0,1,0,0,0,0,0,0,0,0,0,0,0,0,1,0,0,0,0,0,0,0,0,0,0,0,0,1,0,0,0,0,0,AWP6CD7XCNSSU,3UJ1CZ6IZI5QXHD4555X7BQ4XDLS5R
1,6,6,1,8,1,0,0.0994899999932386,1,1,1,NaN,NaN,NaN,NaN,NaN,1,1,1,0,0,0,0,0,0,1,0,0,0,0,0,1,0,0,0,0,0,0,0,0,0,0,0,0,1,0,0,0,0,0,0,0,0,0,0,0,0,1,0,0,0,0,0,0,0,0,0,0,0,0,AWP6CD7XCNSSU,3UJ1CZ6IZI5QXHD4555X7BQ4XDLS5R
1,6,7,1,8,1,0,0.17645500000799075,1,1,1,NaN,NaN,NaN,NaN,NaN,1,1,1,0,0,0,0,0,0,1,0,0,0,0,0,1,0,0,0,0,0,0,0,0,0,0,0,0,1,0,0,0,0,0,0,0,0,0,0,0,0,1,0,0,0,1,0,0,0,0,0,0,0,0,AWP6CD7XCNSSU,3UJ1CZ6IZI5QXHD4555X7BQ4XDLS5R
1,6,8,1,8,1,0,0.17067999998107553,1,1,1,NaN,NaN,NaN,NaN,NaN,1,1,1,0,0,0,0,0,0,1,0,0,0,0,0,1,0,0,0,0,0,0,0,0,0,0,0,0,1,0,0,0,0,0,0,0,0,0,0,0,0,1,0,0,0,0,0,0,0,0,0,0,0,0,AWP6CD7XCNSSU,3UJ1CZ6IZI5QXHD4555X7BQ4XDLS5R
1,6,9,8,1,0,0,0.49715999996988103,1,8,0,NaN,NaN,NaN,NaN,NaN,1,1,1,0,0,0,0,0,0,1,0,0,0,0,0,0,0,0,0,0,0,0,1,0,0,0,0,0,0,0,0,0,0,0,0,0,0,0,0,0,0,0,0,0,0,1,0,0,0,0,0,0,0,0,AWP6CD7XCNSSU,3UJ1CZ6IZI5QXHD4555X7BQ4XDLS5R
1,6,10,1,8,1,0,1.1744349999935366,1,1,1,NaN,NaN,NaN,NaN,NaN,1,1,1,0,0,0,0,0,0,1,0,0,0,0,0,1,0,0,0,0,0,0,0,0,0,0,0,0,1,0,0,0,0,0,0,0,0,0,0,0,0,1,0,0,0,1,0,0,0,0,0,0,0,0,AWP6CD7XCNSSU,3UJ1CZ6IZI5QXHD4555X7BQ4XDLS5R
1,6,11,5,8,1,0,0.4409950000117533,1,5,1,NaN,NaN,NaN,NaN,NaN,1,1,0,0,0,0,1,0,0,1,0,0,0,0,0,0,0,0,0,1,0,0,0,0,0,0,0,0,0,0,0,0,1,0,0,0,0,0,0,0,0,0,0,0,0,1,0,0,0,0,0,0,0,0,AWP6CD7XCNSSU,3UJ1CZ6IZI5QXHD4555X7BQ4XDLS5R
1,6,12,8,5,0,1,0.2652150000212714,1,8,0,NaN,NaN,NaN,NaN,NaN,1,1,0,0,0,0,1,0,0,1,0,0,0,0,0,0,0,0,0,0,0,0,1,0,0,0,0,0,0,0,0,0,0,0,0,0,0,0,0,0,0,0,0,0,0,1,0,0,0,0,0,0,0,0,AWP6CD7XCNSSU,3UJ1CZ6IZI5QXHD4555X7BQ4XDLS5R
1,6,13,8,1,0,0,0.2985050000133924,1,8,0,NaN,NaN,NaN,NaN,NaN,1,1,1,0,0,0,0,0,0,1,0,0,0,0,0,0,0,0,0,0,0,0,1,0,0,0,0,0,0,0,0,0,0,0,0,0,0,0,0,0,0,0,0,0,0,1,0,0,0,0,0,0,0,0,AWP6CD7XCNSSU,3UJ1CZ6IZI5QXHD4555X7BQ4XDLS5R
1,6,14,8,1,1,1,1.1547000000136904,1,8,1,NaN,NaN,NaN,NaN,NaN,1,1,1,0,0,0,0,0,0,1,0,0,0,0,0,0,0,0,0,0,0,0,1,0,0,0,0,0,0,0,0,0,0,0,0,1,0,0,0,0,0,1,0,0,0,0,0,0,1,0,0,0,0,0,AWP6CD7XCNSSU,3UJ1CZ6IZI5QXHD4555X7BQ4XDLS5R
1,7,1,7,8,1,0,0.5997799999895506,1,7,1,NaN,NaN,NaN,NaN,NaN,1,1,0,0,0,0,0,0,1,1,0,0,0,0,0,0,0,0,0,0,0,1,0,0,0,0,0,0,0,0,0,0,0,0,1,0,0,0,0,0,0,0,0,0,0,0,1,1,0,0,0,0,0,0,AWP6CD7XCNSSU,3UJ1CZ6IZI5QXHD4555X7BQ4XDLS5R
1,7,2,8,7,1,0,0.2288950000074692,1,8,1,NaN,NaN,NaN,NaN,NaN,1,1,0,0,0,0,0,0,1,1,0,0,0,0,0,0,0,0,0,0,0,0,1,0,0,0,0,0,0,0,0,0,0,0,0,1,0,0,0,0,0,0,0,0,0,0,1,0,1,0,0,0,0,0,AWP6CD7XCNSSU,3UJ1CZ6IZI5QXHD4555X7BQ4XDLS5R
1,7,3,8,7,0,1,0.05129500001203269,1,8,0,NaN,NaN,NaN,NaN,NaN,1,1,0,0,0,0,0,0,1,1,0,0,0,0,0,0,0,0,0,0,0,0,1,0,0,0,0,0,0,0,0,0,0,0,0,0,0,0,0,0,0,0,0,0,0,0,0,1,0,0,0,0,0,0,AWP6CD7XCNSSU,3UJ1CZ6IZI5QXHD4555X7BQ4XDLS5R
1,7,4,7,8,0,0,0.9422050000284798,1,7,0,NaN,NaN,NaN,NaN,NaN,1,1,0,0,0,0,0,0,1,1,0,0,0,0,0,0,0,0,0,0,0,1,0,0,0,0,0,0,0,0,0,0,0,0,0,0,0,0,0,0,0,0,0,0,0,0,0,0,0,0,0,0,0,0,AWP6CD7XCNSSU,3UJ1CZ6IZI5QXHD4555X7BQ4XDLS5R
1,7,5,7,8,1,0,1.3766000000177883,1,7,1,NaN,NaN,NaN,NaN,NaN,1,1,0,0,0,0,0,0,1,1,0,0,0,0,0,0,0,0,0,0,0,1,0,0,0,0,0,0,0,0,0,0,0,0,1,0,0,0,0,0,0,0,0,0,0,0,0,1,0,0,0,0,0,0,AWP6CD7XCNSSU,3UJ1CZ6IZI5QXHD4555X7BQ4XDLS5R
1,7,6,8,7,1,1,0.14553999999770895,1,8,1,NaN,NaN,NaN,NaN,NaN,1,1,0,0,0,0,0,0,1,1,0,0,0,0,0,0,0,0,0,0,0,0,1,0,0,0,0,0,0,0,0,0,0,0,0,1,0,0,0,0,0,0,0,0,0,0,1,1,1,0,0,0,0,0,AWP6CD7XCNSSU,3UJ1CZ6IZI5QXHD4555X7BQ4XDLS5R
1,7,7,7,8,0,0,0.033325000025797635,1,7,0,NaN,NaN,NaN,NaN,NaN,1,1,0,0,0,0,0,0,1,1,0,0,0,0,0,0,0,0,0,0,0,1,0,0,0,0,0,0,0,0,0,0,0,0,0,0,0,0,0,0,0,0,0,0,0,0,0,0,0,0,0,0,0,0,AWP6CD7XCNSSU,3UJ1CZ6IZI5QXHD4555X7BQ4XDLS5R
1,7,8,7,8,0,1,0.33099500002572313,1,7,0,NaN,NaN,NaN,NaN,NaN,1,1,0,0,0,0,0,0,1,1,0,0,0,0,0,0,0,0,0,0,0,1,0,0,0,0,0,0,0,0,0,0,0,0,0,0,0,0,0,0,0,0,0,0,0,0,0,0,1,0,0,0,0,0,AWP6CD7XCNSSU,3UJ1CZ6IZI5QXHD4555X7BQ4XDLS5R
1,7,9,7,8,0,1,0.7450299999909475,1,7,0,NaN,NaN,NaN,NaN,NaN,1,1,0,0,0,0,0,0,1,1,0,0,0,0,0,0,0,0,0,0,0,1,0,0,0,0,0,0,0,0,0,0,0,0,0,0,0,0,0,0,0,0,0,0,0,0,0,0,1,0,0,0,0,0,AWP6CD7XCNSSU,3UJ1CZ6IZI5QXHD4555X7BQ4XDLS5R
1,7,10,6,7,0,1,0.49422500003129244,1,6,0,NaN,NaN,NaN,NaN,NaN,1,1,0,0,0,0,0,1,1,0,0,0,0,0,0,0,0,0,0,0,1,0,0,0,0,0,0,0,0,0,0,0,0,0,0,0,0,0,0,0,0,0,0,0,0,0,0,1,1,0,0,0,0,0,AWP6CD7XCNSSU,3UJ1CZ6IZI5QXHD4555X7BQ4XDLS5R
1,7,11,6,7,0,0,0.6941050000023097,1,6,0,NaN,NaN,NaN,NaN,NaN,1,1,0,0,0,0,0,1,1,0,0,0,0,0,0,0,0,0,0,0,1,0,0,0,0,0,0,0,0,0,0,0,0,0,0,0,0,0,0,0,0,0,0,0,0,0,0,0,0,0,0,0,0,0,AWP6CD7XCNSSU,3UJ1CZ6IZI5QXHD4555X7BQ4XDLS5R
1,7,12,6,8,0,1,0.9731649999739602,1,6,0,NaN,NaN,NaN,NaN,NaN,1,1,0,0,0,0,0,1,0,1,0,0,0,0,0,0,0,0,0,0,1,0,0,0,0,0,0,0,0,0,0,0,0,0,0,0,0,0,0,0,0,0,0,0,0,0,0,1,1,0,0,0,0,0,AWP6CD7XCNSSU,3UJ1CZ6IZI5QXHD4555X7BQ4XDLS5R
1,7,13,8,6,1,0,0.6502350000082515,1,8,1,NaN,NaN,NaN,NaN,NaN,1,1,0,0,0,0,0,1,0,1,0,0,0,0,0,0,0,0,0,0,0,0,1,0,0,0,0,0,0,0,0,0,0,0,0,1,0,0,0,0,0,0,0,0,0,0,0,0,1,0,0,0,0,0,AWP6CD7XCNSSU,3UJ1CZ6IZI5QXHD4555X7BQ4XDLS5R
1,7,14,8,6,1,0,0.24151999998139217,1,8,1,NaN,NaN,NaN,NaN,NaN,1,1,0,0,0,0,0,1,0,1,0,0,0,0,0,0,0,0,0,0,0,0,1,0,0,0,0,0,0,0,0,0,0,0,0,1,0,0,0,0,0,0,0,0,0,0,0,1,1,0,0,0,0,0,AWP6CD7XCNSSU,3UJ1CZ6IZI5QXHD4555X7BQ4XDLS5R
1,8,1,3,4,1,0,0.1439200000022538,1,3,1,NaN,NaN,NaN,NaN,NaN,1,1,0,0,1,1,0,0,0,0,0,0,0,0,0,0,0,1,0,0,0,0,0,0,0,0,0,0,0,0,1,0,0,0,0,0,0,0,0,0,0,0,0,1,0,0,1,0,0,0,0,0,0,0,AWP6CD7XCNSSU,3UJ1CZ6IZI5QXHD4555X7BQ4XDLS5R
1,8,2,4,3,0,1,NaN,NaN,NaN,NaN,NaN,NaN,NaN,NaN,NaN,1,1,0,0,1,1,0,0,0,0,0,0,0,0,0,0,0,0,0,0,0,0,0,0,0,0,0,0,0,0,0,0,0,0,0,0,0,0,0,0,0,0,0,1,0,0,0,0,0,0,0,0,0,0,AWP6CD7XCNSSU,3UJ1CZ6IZI5QXHD4555X7BQ4XDLS5R
1,8,3,3,4,1,1,0.3599600000306964,1,3,1,NaN,NaN,NaN,NaN,NaN,1,1,0,0,1,1,0,0,0,0,0,0,0,0,0,0,0,1,0,0,0,0,0,0,0,0,0,0,0,0,1,0,0,0,0,0,0,0,0,0,0,0,0,1,1,0,0,0,0,0,0,0,0,0,AWP6CD7XCNSSU,3UJ1CZ6IZI5QXHD4555X7BQ4XDLS5R
1,8,4,4,3,0,0,0.3242300000274554,1,4,0,NaN,NaN,NaN,NaN,NaN,1,1,0,0,1,1,0,0,0,0,0,0,0,0,0,0,0,0,1,0,0,0,0,0,0,0,0,0,0,0,0,0,0,0,0,0,0,0,0,0,0,0,0,0,0,0,0,0,0,0,0,0,0,0,AWP6CD7XCNSSU,3UJ1CZ6IZI5QXHD4555X7BQ4XDLS5R
1,8,5,4,3,1,0,0.08078499999828637,1,4,1,NaN,NaN,NaN,NaN,NaN,1,1,0,0,1,1,0,0,0,0,0,0,0,0,0,0,0,0,1,0,0,0,0,0,0,0,0,0,0,0,0,1,0,0,0,0,0,0,0,0,0,0,0,0,1,0,0,0,0,0,0,0,0,0,AWP6CD7XCNSSU,3UJ1CZ6IZI5QXHD4555X7BQ4XDLS5R
1,8,6,4,3,1,0,0.19024500000523403,1,4,1,NaN,NaN,NaN,NaN,NaN,1,1,0,0,1,1,0,0,0,0,0,0,0,0,0,0,0,0,1,0,0,0,0,0,0,0,0,0,0,0,0,1,0,0,0,0,0,0,0,0,0,0,0,0,1,0,1,0,0,0,0,0,0,0,AWP6CD7XCNSSU,3UJ1CZ6IZI5QXHD4555X7BQ4XDLS5R
1,8,7,4,3,0,1,0.28893999999854714,1,4,0,NaN,NaN,NaN,NaN,NaN,1,1,0,0,1,1,0,0,0,0,0,0,0,0,0,0,0,0,1,0,0,0,0,0,0,0,0,0,0,0,0,0,0,0,0,0,0,0,0,0,0,0,0,1,0,0,1,0,0,0,0,0,0,0,AWP6CD7XCNSSU,3UJ1CZ6IZI5QXHD4555X7BQ4XDLS5R
1,8,8,3,4,1,1,0.27583500003675,1,3,1,NaN,NaN,NaN,NaN,NaN,1,1,0,0,1,1,0,0,0,0,0,0,0,0,0,0,0,1,0,0,0,0,0,0,0,0,0,0,0,0,1,0,0,0,0,0,0,0,0,0,0,0,0,1,1,0,0,0,0,0,0,0,0,0,AWP6CD7XCNSSU,3UJ1CZ6IZI5QXHD4555X7BQ4XDLS5R
1,8,9,4,3,1,1,0.04597000003559515,1,4,1,NaN,NaN,NaN,NaN,NaN,1,1,0,0,1,1,0,0,0,0,0,0,0,0,0,0,0,0,1,0,0,0,0,0,0,0,0,0,0,0,0,1,0,0,0,0,0,0,0,0,0,0,0,1,1,0,0,0,0,0,0,0,0,0,AWP6CD7XCNSSU,3UJ1CZ6IZI5QXHD4555X7BQ4XDLS5R
1,8,10,6,3,0,1,0.3519850000157021,1,6,0,NaN,NaN,NaN,NaN,NaN,1,1,0,0,1,0,0,1,0,0,0,0,0,0,0,0,0,0,0,0,1,0,0,0,0,0,0,0,0,0,0,0,0,0,0,0,0,0,0,0,0,0,0,1,1,0,0,0,0,0,0,0,0,0,AWP6CD7XCNSSU,3UJ1CZ6IZI5QXHD4555X7BQ4XDLS5R
1,8,11,4,3,0,1,0.8490349999628961,1,4,0,NaN,NaN,NaN,NaN,NaN,1,1,0,0,1,1,0,0,0,0,0,0,0,0,0,0,0,0,1,0,0,0,0,0,0,0,0,0,0,0,0,0,0,0,0,0,0,0,0,0,0,0,0,1,0,0,0,0,0,0,0,0,0,0,AWP6CD7XCNSSU,3UJ1CZ6IZI5QXHD4555X7BQ4XDLS5R
1,8,12,6,4,0,1,0.028865000000223517,2,4,1,NaN,NaN,NaN,NaN,NaN,1,1,0,0,0,1,0,1,0,0,0,0,0,0,0,0,0,0,1,0,0,0,0,0,0,0,0,0,0,0,0,1,0,0,0,0,0,0,0,0,0,0,0,1,1,0,0,0,0,0,0,0,0,0,AWP6CD7XCNSSU,3UJ1CZ6IZI5QXHD4555X7BQ4XDLS5R
1,8,13,6,4,0,0,0.2375400000018999,2,4,0,NaN,NaN,NaN,NaN,NaN,1,1,0,0,0,1,0,1,0,0,0,0,0,0,0,0,0,0,1,0,0,0,0,0,0,0,0,0,0,0,0,0,0,0,0,0,0,0,0,0,0,0,0,1,0,0,0,0,0,0,0,0,0,0,AWP6CD7XCNSSU,3UJ1CZ6IZI5QXHD4555X7BQ4XDLS5R
1,8,14,3,4,1,1,0.22676500002853572,2,4,1,NaN,NaN,NaN,NaN,NaN,1,1,0,0,1,1,0,0,0,0,0,0,0,0,0,0,0,0,1,0,0,0,0,0,0,0,0,0,0,0,0,1,0,0,0,0,0,0,0,0,0,0,0,1,1,0,0,0,0,0,0,0,0,0,AWP6CD7XCNSSU,3UJ1CZ6IZI5QXHD4555X7BQ4XDLS5R
1,8,15,6,4,0,0,0.18678500002715737,2,4,0,NaN,NaN,NaN,NaN,NaN,1,1,0,0,0,1,0,1,0,0,0,0,0,0,0,0,0,0,1,0,0,0,0,0,0,0,0,0,0,0,0,0,0,0,0,0,0,0,0,0,0,0,0,1,0,0,0,0,0,0,0,0,0,0,AWP6CD7XCNSSU,3UJ1CZ6IZI5QXHD4555X7BQ4XDLS5R
1,9,1,11,5,0,1,0.9859350000042468,2,5,1,NaN,NaN,NaN,NaN,NaN,1,1,0,0,0,0,1,0,0,0,0,0,1,0,0,0,0,0,0,1,0,0,0,0,0,0,0,0,0,0,0,0,1,0,0,0,0,0,0,0,0,0,0,0,0,1,0,0,0,0,0,0,0,1,AWP6CD7XCNSSU,3UJ1CZ6IZI5QXHD4555X7BQ4XDLS5R
1,9,2,11,5,0,1,0.11460500000976026,2,5,1,NaN,NaN,NaN,NaN,NaN,1,1,0,0,0,0,1,0,0,0,0,0,1,0,0,0,0,0,0,1,0,0,0,0,0,0,0,0,0,0,0,0,1,0,0,0,0,0,0,0,0,0,0,0,0,1,0,0,0,0,0,0,0,1,AWP6CD7XCNSSU,3UJ1CZ6IZI5QXHD4555X7BQ4XDLS5R
1,9,3,5,11,0,0,0.3430200000293553,2,11,0,NaN,NaN,NaN,NaN,NaN,1,1,0,0,0,0,1,0,0,0,0,0,1,0,0,0,0,0,0,0,0,0,0,0,0,1,0,0,0,0,0,0,0,0,0,0,0,0,0,0,0,0,0,0,0,0,0,0,0,0,0,0,0,1,AWP6CD7XCNSSU,3UJ1CZ6IZI5QXHD4555X7BQ4XDLS5R
1,9,4,11,5,0,0,0.5549750000354834,2,5,0,NaN,NaN,NaN,NaN,NaN,1,1,0,0,0,0,1,0,0,0,0,0,1,0,0,0,0,0,0,1,0,0,0,0,0,0,0,0,0,0,0,0,0,0,0,0,0,0,0,0,0,0,0,0,0,0,0,0,0,0,0,0,0,0,AWP6CD7XCNSSU,3UJ1CZ6IZI5QXHD4555X7BQ4XDLS5R
1,9,5,5,11,0,0,0.7149749999516644,2,11,0,NaN,NaN,NaN,NaN,NaN,1,1,0,0,0,0,1,0,0,0,0,0,1,0,0,0,0,0,0,0,0,0,0,0,0,1,0,0,0,0,0,0,0,0,0,0,0,0,0,0,0,0,0,0,0,0,0,0,0,0,0,0,0,1,AWP6CD7XCNSSU,3UJ1CZ6IZI5QXHD4555X7BQ4XDLS5R
1,9,6,11,5,1,0,0.4345900000189431,2,5,0,NaN,NaN,NaN,NaN,NaN,1,1,0,0,0,0,1,0,0,0,0,0,1,0,0,0,0,0,0,1,0,0,0,0,0,0,0,0,0,0,0,0,0,0,0,0,0,0,0,0,0,0,0,0,0,0,0,0,0,0,0,1,0,1,AWP6CD7XCNSSU,3UJ1CZ6IZI5QXHD4555X7BQ4XDLS5R
1,9,7,5,11,0,0,0.9263700000010431,1,5,0,NaN,NaN,NaN,NaN,NaN,1,1,0,0,0,0,1,0,0,0,0,0,1,0,0,0,0,0,0,1,0,0,0,0,0,0,0,0,0,0,0,0,0,0,0,0,0,0,0,0,0,0,0,0,0,0,0,0,0,0,0,0,0,1,AWP6CD7XCNSSU,3UJ1CZ6IZI5QXHD4555X7BQ4XDLS5R
1,9,8,5,11,0,0,0.1306050000130199,2,11,0,NaN,NaN,NaN,NaN,NaN,1,1,0,0,0,0,1,0,0,0,0,0,1,0,0,0,0,0,0,0,0,0,0,0,0,1,0,0,0,0,0,0,0,0,0,0,0,0,0,0,0,0,0,0,0,0,0,0,0,0,0,0,0,0,AWP6CD7XCNSSU,3UJ1CZ6IZI5QXHD4555X7BQ4XDLS5R
1,9,9,5,11,1,0,0.06818499998189509,2,11,0,NaN,NaN,NaN,NaN,NaN,1,1,0,0,0,0,1,0,0,0,0,0,1,0,0,0,0,0,0,0,0,0,0,0,0,1,0,0,0,0,0,0,0,0,0,0,0,0,0,0,0,0,0,0,0,1,0,0,0,0,0,0,0,1,AWP6CD7XCNSSU,3UJ1CZ6IZI5QXHD4555X7BQ4XDLS5R
1,9,10,5,11,1,0,0.03285000001778826,1,5,1,NaN,NaN,NaN,NaN,NaN,1,1,0,0,0,0,1,0,0,0,0,0,1,0,0,0,0,0,0,1,0,0,0,0,0,0,0,0,0,0,0,0,1,0,0,0,0,0,0,0,0,0,0,0,0,1,0,0,0,0,0,0,0,1,AWP6CD7XCNSSU,3UJ1CZ6IZI5QXHD4555X7BQ4XDLS5R
1,9,11,5,11,1,1,0.16326499998103827,1,5,1,NaN,NaN,NaN,NaN,NaN,1,1,0,0,0,0,1,0,0,0,0,0,1,0,0,0,0,0,0,1,0,0,0,0,0,0,0,0,0,0,0,0,1,0,0,0,0,0,0,0,0,0,0,0,0,1,0,0,0,0,0,1,0,1,AWP6CD7XCNSSU,3UJ1CZ6IZI5QXHD4555X7BQ4XDLS5R
1,9,12,11,13,0,1,1.742000000027474,1,11,0,NaN,NaN,NaN,NaN,NaN,1,1,0,0,0,0,0,0,0,0,0,0,1,0,1,0,0,0,0,0,0,0,0,0,0,1,0,0,0,0,0,0,0,0,0,0,0,0,0,0,0,0,0,0,0,1,0,0,0,0,0,0,0,1,AWP6CD7XCNSSU,3UJ1CZ6IZI5QXHD4555X7BQ4XDLS5R
1,9,13,5,13,1,1,0.7869899999932386,2,13,1,NaN,NaN,NaN,NaN,NaN,1,1,0,0,0,0,1,0,0,0,0,0,0,0,1,0,0,0,0,0,0,0,0,0,0,0,0,1,0,0,0,0,0,0,0,0,0,0,0,0,1,0,0,0,0,1,0,0,0,0,0,0,0,1,AWP6CD7XCNSSU,3UJ1CZ6IZI5QXHD4555X7BQ4XDLS5R
1,9,14,5,13,1,1,0.0535449999733828,1,5,1,NaN,NaN,NaN,NaN,NaN,1,1,0,0,0,0,1,0,0,0,0,0,0,0,1,0,0,0,0,1,0,0,0,0,0,0,0,0,0,0,0,0,1,0,0,0,0,0,0,0,0,0,0,0,0,1,0,0,0,0,0,0,0,1,AWP6CD7XCNSSU,3UJ1CZ6IZI5QXHD4555X7BQ4XDLS5R
1,9,15,11,13,1,0,0.2129049999639392,2,13,0,NaN,NaN,NaN,NaN,NaN,1,1,0,0,0,0,0,0,0,0,0,0,1,0,1,0,0,0,0,0,0,0,0,0,0,0,0,1,0,0,0,0,0,0,0,0,0,0,0,0,0,0,0,0,0,0,0,0,0,0,0,1,0,0,AWP6CD7XCNSSU,3UJ1CZ6IZI5QXHD4555X7BQ4XDLS5R
1,10,1,10,8,0,0,1.3026449999888428,2,8,0,NaN,NaN,NaN,NaN,NaN,1,1,0,0,0,0,0,0,0,1,0,1,0,0,0,0,0,0,0,0,0,0,1,0,0,0,0,0,0,0,0,0,0,0,0,0,0,0,0,0,0,0,0,0,0,0,1,0,0,0,0,0,0,0,AWP6CD7XCNSSU,3UJ1CZ6IZI5QXHD4555X7BQ4XDLS5R
1,10,2,8,10,0,1,0.6537799999932759,1,8,0,NaN,NaN,NaN,NaN,NaN,1,1,0,0,0,0,0,0,0,1,0,1,0,0,0,0,0,0,0,0,0,0,1,0,0,0,0,0,0,0,0,0,0,0,0,0,0,0,0,0,0,0,0,0,0,0,1,0,0,0,1,0,0,0,AWP6CD7XCNSSU,3UJ1CZ6IZI5QXHD4555X7BQ4XDLS5R
1,10,3,10,8,0,1,0.9569699999992736,1,10,0,NaN,NaN,NaN,NaN,NaN,1,1,0,0,0,0,0,0,0,1,0,1,0,0,0,0,0,0,0,0,0,0,0,0,1,0,0,0,0,0,0,0,0,0,0,0,0,0,0,0,0,0,0,0,0,0,0,0,1,0,0,0,0,0,AWP6CD7XCNSSU,3UJ1CZ6IZI5QXHD4555X7BQ4XDLS5R
1,10,4,8,10,0,0,0.09375,1,8,0,NaN,NaN,NaN,NaN,NaN,1,1,0,0,0,0,0,0,0,1,0,1,0,0,0,0,0,0,0,0,0,0,1,0,0,0,0,0,0,0,0,0,0,0,0,0,0,0,0,0,0,0,0,0,0,0,1,0,0,0,0,0,0,0,AWP6CD7XCNSSU,3UJ1CZ6IZI5QXHD4555X7BQ4XDLS5R
1,10,5,10,8,0,0,0.06884000002173707,1,10,0,NaN,NaN,NaN,NaN,NaN,1,1,0,0,0,0,0,0,0,1,0,1,0,0,0,0,0,0,0,0,0,0,0,0,1,0,0,0,0,0,0,0,0,0,0,0,0,0,0,0,0,0,0,0,0,0,1,0,0,0,0,0,0,0,AWP6CD7XCNSSU,3UJ1CZ6IZI5QXHD4555X7BQ4XDLS5R
1,10,6,10,8,0,0,1.757259999983944,1,10,0,NaN,NaN,NaN,NaN,NaN,1,1,0,0,0,0,0,0,0,1,0,1,0,0,0,0,0,0,0,0,0,0,0,0,1,0,0,0,0,0,0,0,0,0,0,0,0,0,0,0,0,0,0,0,0,0,0,0,0,0,0,0,0,0,AWP6CD7XCNSSU,3UJ1CZ6IZI5QXHD4555X7BQ4XDLS5R
1,10,7,6,10,0,0,0.230489999987185,2,10,0,NaN,NaN,NaN,NaN,NaN,1,1,0,0,0,0,0,1,0,0,0,1,0,0,0,0,0,0,0,0,0,0,0,0,1,0,0,0,0,0,0,0,0,0,0,0,0,0,0,0,0,0,0,0,0,0,0,0,0,0,0,0,0,0,AWP6CD7XCNSSU,3UJ1CZ6IZI5QXHD4555X7BQ4XDLS5R
1,10,8,8,6,1,0,0.3181600000243634,2,6,0,NaN,NaN,NaN,NaN,NaN,1,1,0,0,0,0,0,1,0,1,0,0,0,0,0,0,0,0,0,0,1,0,0,0,0,0,0,0,0,0,0,0,0,0,0,0,0,0,0,0,0,0,0,0,0,0,0,0,1,0,0,0,0,0,AWP6CD7XCNSSU,3UJ1CZ6IZI5QXHD4555X7BQ4XDLS5R
1,10,9,6,10,1,0,0.5086949999677017,1,6,1,NaN,NaN,NaN,NaN,NaN,1,1,0,0,0,0,0,1,0,0,0,1,0,0,0,0,0,0,0,0,1,0,0,0,0,0,0,0,0,0,0,0,0,1,0,0,0,0,0,0,0,0,0,0,0,0,1,0,1,0,0,0,0,0,AWP6CD7XCNSSU,3UJ1CZ6IZI5QXHD4555X7BQ4XDLS5R
1,10,10,8,10,1,1,0.48466499999631196,1,8,1,NaN,NaN,NaN,NaN,NaN,1,1,0,0,0,0,0,0,0,1,0,1,0,0,0,0,0,0,0,0,0,0,1,0,0,0,0,0,0,0,0,0,0,0,0,1,0,0,0,0,0,0,0,0,0,0,1,0,1,0,1,0,0,0,AWP6CD7XCNSSU,3UJ1CZ6IZI5QXHD4555X7BQ4XDLS5R
1,10,11,6,8,1,1,0.46191000001272187,1,6,1,NaN,NaN,NaN,NaN,NaN,1,1,0,0,0,0,0,1,0,1,0,0,0,0,0,0,0,0,0,0,1,0,0,0,0,0,0,0,0,0,0,0,0,1,0,0,0,0,0,0,0,0,0,0,0,0,1,0,1,0,0,0,0,0,AWP6CD7XCNSSU,3UJ1CZ6IZI5QXHD4555X7BQ4XDLS5R
1,10,12,6,8,0,1,0.136655000038445,1,6,0,NaN,NaN,NaN,NaN,NaN,1,1,0,0,0,0,0,1,0,1,0,0,0,0,0,0,0,0,0,0,1,0,0,0,0,0,0,0,0,0,0,0,0,0,0,0,0,0,0,0,0,0,0,0,0,0,0,0,1,0,0,0,0,0,AWP6CD7XCNSSU,3UJ1CZ6IZI5QXHD4555X7BQ4XDLS5R
1,10,13,10,6,1,1,0.182425000006333,1,10,1,NaN,NaN,NaN,NaN,NaN,1,1,0,0,0,0,0,1,0,0,0,1,0,0,0,0,0,0,0,0,0,0,0,0,1,0,0,0,0,0,0,0,0,0,0,0,0,1,0,0,0,0,0,0,0,0,1,0,1,0,1,0,0,0,AWP6CD7XCNSSU,3UJ1CZ6IZI5QXHD4555X7BQ4XDLS5R
1,10,14,8,10,1,0,0.15451500000199303,1,8,1,NaN,NaN,NaN,NaN,NaN,1,1,0,0,0,0,0,0,0,1,0,1,0,0,0,0,0,0,0,0,0,0,1,0,0,0,0,0,0,0,0,0,0,0,0,1,0,0,0,0,0,0,0,0,0,0,0,0,1,0,0,0,0,0,AWP6CD7XCNSSU,3UJ1CZ6IZI5QXHD4555X7BQ4XDLS5R
1,10,15,8,6,0,1,0.10044499998912215,1,8,0,NaN,NaN,NaN,NaN,NaN,1,1,0,0,0,0,0,1,0,1,0,0,0,0,0,0,0,0,0,0,0,0,1,0,0,0,0,0,0,0,0,0,0,0,0,0,0,0,0,0,0,0,0,0,0,0,1,0,0,0,0,0,0,0,AWP6CD7XCNSSU,3UJ1CZ6IZI5QXHD4555X7BQ4XDLS5R
1,11,1,11,4,1,0,0.6542900000349618,1,11,1,NaN,NaN,NaN,NaN,NaN,1,1,0,0,0,1,0,0,0,0,0,0,1,0,0,0,0,0,0,0,0,0,0,0,0,1,0,0,0,0,0,0,0,0,0,0,0,0,1,0,0,0,0,0,0,0,0,0,0,0,0,1,0,0,AWP6CD7XCNSSU,3UJ1CZ6IZI5QXHD4555X7BQ4XDLS5R
1,11,2,11,4,0,0,0.3665199999813922,1,11,0,NaN,NaN,NaN,NaN,NaN,1,1,0,0,0,1,0,0,0,0,0,0,1,0,0,0,0,0,0,0,0,0,0,0,0,1,0,0,0,0,0,0,0,0,0,0,0,0,0,0,0,0,0,0,0,0,0,0,0,0,0,0,0,0,AWP6CD7XCNSSU,3UJ1CZ6IZI5QXHD4555X7BQ4XDLS5R
1,11,3,4,11,1,1,0.1058750000083819,1,4,1,NaN,NaN,NaN,NaN,NaN,1,1,0,0,0,1,0,0,0,0,0,0,1,0,0,0,0,0,1,0,0,0,0,0,0,0,0,0,0,0,0,1,0,0,0,0,0,0,0,0,0,0,0,0,1,0,0,0,0,0,0,1,0,0,AWP6CD7XCNSSU,3UJ1CZ6IZI5QXHD4555X7BQ4XDLS5R
1,11,4,4,11,0,0,0.37986499996623024,1,4,0,NaN,NaN,NaN,NaN,NaN,1,1,0,0,0,1,0,0,0,0,0,0,1,0,0,0,0,0,1,0,0,0,0,0,0,0,0,0,0,0,0,0,0,0,0,0,0,0,0,0,0,0,0,0,0,0,0,0,0,0,0,0,0,0,AWP6CD7XCNSSU,3UJ1CZ6IZI5QXHD4555X7BQ4XDLS5R
1,11,5,11,4,1,1,0.14468999998643994,1,11,1,NaN,NaN,NaN,NaN,NaN,1,1,0,0,0,1,0,0,0,0,0,0,1,0,0,0,0,0,0,0,0,0,0,0,0,1,0,0,0,0,0,0,0,0,0,0,0,0,1,0,0,0,0,0,1,0,0,0,0,0,0,1,0,0,AWP6CD7XCNSSU,3UJ1CZ6IZI5QXHD4555X7BQ4XDLS5R
1,11,6,4,11,1,1,0.023474999994505197,1,4,1,NaN,NaN,NaN,NaN,NaN,1,1,0,0,0,1,0,0,0,0,0,0,1,0,0,0,0,0,1,0,0,0,0,0,0,0,0,0,0,0,0,1,0,0,0,0,0,0,0,0,0,0,0,0,1,0,0,0,0,1,0,1,0,0,AWP6CD7XCNSSU,3UJ1CZ6IZI5QXHD4555X7BQ4XDLS5R
1,11,7,11,9,1,1,0.3949649999849498,1,11,1,NaN,NaN,NaN,NaN,NaN,1,1,0,0,0,0,0,0,0,0,1,0,1,0,0,0,0,0,0,0,0,0,0,0,0,1,0,0,0,0,0,0,0,0,0,0,0,0,1,0,0,0,0,0,0,0,0,0,0,1,0,1,0,0,AWP6CD7XCNSSU,3UJ1CZ6IZI5QXHD4555X7BQ4XDLS5R
1,11,8,4,11,0,0,0.31681500002741814,1,4,0,NaN,NaN,NaN,NaN,NaN,1,1,0,0,0,1,0,0,0,0,0,0,1,0,0,0,0,0,1,0,0,0,0,0,0,0,0,0,0,0,0,0,0,0,0,0,0,0,0,0,0,0,0,0,0,0,0,0,0,0,0,0,0,0,AWP6CD7XCNSSU,3UJ1CZ6IZI5QXHD4555X7BQ4XDLS5R
1,11,9,9,11,0,0,1.3457349999807775,1,9,0,NaN,NaN,NaN,NaN,NaN,1,1,0,0,0,0,0,0,0,0,1,0,1,0,0,0,0,0,0,0,0,0,0,1,0,0,0,0,0,0,0,0,0,0,0,0,0,0,0,0,0,0,0,0,1,0,0,0,0,0,0,0,0,0,AWP6CD7XCNSSU,3UJ1CZ6IZI5QXHD4555X7BQ4XDLS5R
1,11,10,11,4,1,0,0.10703499999362975,1,11,1,NaN,NaN,NaN,NaN,NaN,1,1,0,0,0,1,0,0,0,0,0,0,1,0,0,0,0,0,0,0,0,0,0,0,0,1,0,0,0,0,0,0,0,0,0,0,0,0,1,0,0,0,0,0,0,0,0,0,0,0,0,1,0,0,AWP6CD7XCNSSU,3UJ1CZ6IZI5QXHD4555X7BQ4XDLS5R
1,11,11,11,4,0,1,0.16772000002674758,1,11,0,NaN,NaN,NaN,NaN,NaN,1,1,0,0,0,1,0,0,0,0,0,0,1,0,0,0,0,0,0,0,0,0,0,0,0,1,0,0,0,0,0,0,0,0,0,0,0,0,0,0,0,0,0,0,1,0,0,0,0,0,0,0,0,0,AWP6CD7XCNSSU,3UJ1CZ6IZI5QXHD4555X7BQ4XDLS5R
1,11,12,4,9,1,0,0.8154349999967963,1,4,1,NaN,NaN,NaN,NaN,NaN,1,1,0,0,0,1,0,0,0,0,1,0,0,0,0,0,0,0,1,0,0,0,0,0,0,0,0,0,0,0,0,1,0,0,0,0,0,0,0,0,0,0,0,0,1,0,0,0,0,0,0,1,0,0,AWP6CD7XCNSSU,3UJ1CZ6IZI5QXHD4555X7BQ4XDLS5R
1,11,13,11,4,0,1,1.0923400000319816,1,11,0,NaN,NaN,NaN,NaN,NaN,1,1,0,0,0,1,0,0,0,0,0,0,1,0,0,0,0,0,0,0,0,0,0,0,0,1,0,0,0,0,0,0,0,0,0,0,0,0,0,0,0,0,0,0,1,0,0,0,0,1,0,0,0,0,AWP6CD7XCNSSU,3UJ1CZ6IZI5QXHD4555X7BQ4XDLS5R
1,11,14,11,9,1,0,0.1865000000107102,1,11,1,NaN,NaN,NaN,NaN,NaN,1,1,0,0,0,0,0,0,0,0,1,0,1,0,0,0,0,0,0,0,0,0,0,0,0,1,0,0,0,0,0,0,0,0,0,0,0,0,1,0,0,0,0,0,1,0,0,0,0,0,0,1,0,0,AWP6CD7XCNSSU,3UJ1CZ6IZI5QXHD4555X7BQ4XDLS5R
1,11,15,4,11,0,1,0.1083700000308454,2,11,1,NaN,NaN,NaN,NaN,NaN,1,1,0,0,0,1,0,0,0,0,0,0,1,0,0,0,0,0,0,0,0,0,0,0,0,1,0,0,0,0,0,0,0,0,0,0,0,0,1,0,0,0,0,0,0,0,0,0,0,0,0,1,0,0,AWP6CD7XCNSSU,3UJ1CZ6IZI5QXHD4555X7BQ4XDLS5R
