runID,blockID,trialID,trialStimID_1,trialStimID_2,trialStimReward_1,trialStimReward_2,RT,respKey,selectedStimID,outcome,tFixOn,tStimOn,tRespOn,tFBOn,tFBOff,jitterFB,jitterITI,isTrialStim_1,isTrialStim_2,isTrialStim_3,isTrialStim_4,isTrialStim_5,isTrialStim_6,isTrialStim_7,isTrialStim_8,isTrialStim_9,isTrialStim_10,isTrialStim_11,isTrialStim_12,isTrialStim_13,isSelected_1,isSelected_2,isSelected_3,isSelected_4,isSelected_5,isSelected_6,isSelected_7,isSelected_8,isSelected_9,isSelected_10,isSelected_11,isSelected_12,isSelected_13,isSelectedWin_1,isSelectedWin_2,isSelectedWin_3,isSelectedWin_4,isSelectedWin_5,isSelectedWin_6,isSelectedWin_7,isSelectedWin_8,isSelectedWin_9,isSelectedWin_10,isSelectedWin_11,isSelectedWin_12,isSelectedWin_13,isWin_1,isWin_2,isWin_3,isWin_4,isWin_5,isWin_6,isWin_7,isWin_8,isWin_9,isWin_10,isWin_11,isWin_12,isWin_13,workerId,assignmentId
1,1,1,8,9,0,0,1.0,1,8,0,NaN,NaN,NaN,NaN,NaN,1,1,0,0,0,0,0,0,0,1,1,0,0,0,0,0,0,0,0,0,0,0,1,0,0,0,0,0,0,0,0,0,0,0,0,0,0,0,0,0,0,0,0,0,0,0,0,0,0,0,1,0,0,0,A1UKZRDH1T231M,3GD6L00D3TDOB4ZGKL7ZSCEGFR8M1N
1,1,2,10,9,1,0,0.9,2,9,0,NaN,NaN,NaN,NaN,NaN,1,1,0,0,0,0,0,0,0,0,1,1,0,0,0,0,0,0,0,0,0,0,0,1,0,0,0,0,0,0,0,0,0,0,0,0,0,0,0,0,0,0,0,0,0,0,0,0,0,0,1,0,0,0,A1UKZRDH1T231M,3GD6L00D3TDOB4ZGKL7ZSCEGFR8M1N
1,1,3,9,8,0,1,1.8,2,8,1,NaN,NaN,NaN,NaN,NaN,1,1,0,0,0,0,0,0,0,1,1,0,0,0,0,0,0,0,0,0,0,0,1,0,0,0,0,0,0,0,0,0,0,0,0,1,0,0,0,0,0,0,0,0,0,0,0,0,1,0,1,0,0,0,A1UKZRDH1T231M,3GD6L00D3TDOB4ZGKL7ZSCEGFR8M1N
1,1,4,8,10,0,1,0.7,1,8,0,NaN,NaN,NaN,NaN,NaN,1,1,0,0,0,0,0,0,0,1,0,1,0,0,0,0,0,0,0,0,0,0,1,0,0,0,0,0,0,0,0,0,0,0,0,0,0,0,0,0,0,0,0,0,0,0,0,0,0,0,1,0,0,0,A1UKZRDH1T231M,3GD6L00D3TDOB4ZGKL7ZSCEGFR8M1N
1,1,5,10,8,0,1,0.7,1,10,0,NaN,NaN,NaN,NaN,NaN,1,1,0,0,0,0,0,0,0,1,0,1,0,0,0,0,0,0,0,0,0,0,0,0,1,0,0,0,0,0,0,0,0,0,0,0,0,0,0,0,0,0,0,0,0,0,0,0,1,1,0,0,0,0,A1UKZRDH1T231M,3GD6L00D3TDOB4ZGKL7ZSCEGFR8M1N
1,1,6,9,8,0,0,1.0,1,9,0,NaN,NaN,NaN,NaN,NaN,1,1,0,0,0,0,0,0,0,1,1,0,0,0,0,0,0,0,0,0,0,0,0,1,0,0,0,0,0,0,0,0,0,0,0,0,0,0,0,0,0,0,0,0,0,0,0,0,0,0,1,0,0,0,A1UKZRDH1T231M,3GD6L00D3TDOB4ZGKL7ZSCEGFR8M1N
1,1,7,8,9,1,1,1.7,1,8,1,NaN,NaN,NaN,NaN,NaN,1,1,0,0,0,0,0,0,0,1,1,0,0,0,0,0,0,0,0,0,0,0,1,0,0,0,0,0,0,0,0,0,0,0,0,1,0,0,0,0,0,0,0,0,0,0,0,0,1,1,1,0,0,0,A1UKZRDH1T231M,3GD6L00D3TDOB4ZGKL7ZSCEGFR8M1N
1,1,8,10,9,0,1,0.8,1,10,0,NaN,NaN,NaN,NaN,NaN,1,1,0,0,0,0,0,0,0,0,1,1,0,0,0,0,0,0,0,0,0,0,0,0,1,0,0,0,0,0,0,0,0,0,0,0,0,0,0,0,0,0,0,0,0,0,0,0,1,1,0,0,0,0,A1UKZRDH1T231M,3GD6L00D3TDOB4ZGKL7ZSCEGFR8M1N
1,1,9,10,8,1,1,0.6,2,8,1,NaN,NaN,NaN,NaN,NaN,1,1,0,0,0,0,0,0,0,1,0,1,0,0,0,0,0,0,0,0,0,0,1,0,0,0,0,0,0,0,0,0,0,0,0,1,0,0,0,0,0,0,0,0,0,0,0,0,1,0,1,0,0,0,A1UKZRDH1T231M,3GD6L00D3TDOB4ZGKL7ZSCEGFR8M1N
1,1,10,8,9,0,0,0.4,1,8,0,NaN,NaN,NaN,NaN,NaN,1,1,0,0,0,0,0,0,0,1,1,0,0,0,0,0,0,0,0,0,0,0,1,0,0,0,0,0,0,0,0,0,0,0,0,0,0,0,0,0,0,0,0,0,0,0,0,0,0,0,1,0,0,0,A1UKZRDH1T231M,3GD6L00D3TDOB4ZGKL7ZSCEGFR8M1N
1,1,11,9,8,0,0,0.5,2,8,0,NaN,NaN,NaN,NaN,NaN,1,1,0,0,0,0,0,0,0,1,1,0,0,0,0,0,0,0,0,0,0,0,1,0,0,0,0,0,0,0,0,0,0,0,0,0,0,0,0,0,0,0,0,0,0,0,0,0,0,0,1,0,0,0,A1UKZRDH1T231M,3GD6L00D3TDOB4ZGKL7ZSCEGFR8M1N
1,1,12,8,9,1,0,0.4,1,8,1,NaN,NaN,NaN,NaN,NaN,1,1,0,0,0,0,0,0,0,1,1,0,0,0,0,0,0,0,0,0,0,0,1,0,0,0,0,0,0,0,0,0,0,0,0,1,0,0,0,0,0,0,0,0,0,0,0,0,1,0,1,0,0,0,A1UKZRDH1T231M,3GD6L00D3TDOB4ZGKL7ZSCEGFR8M1N
1,1,13,8,9,0,0,0.5,1,8,0,NaN,NaN,NaN,NaN,NaN,1,1,0,0,0,0,0,0,0,1,1,0,0,0,0,0,0,0,0,0,0,0,1,0,0,0,0,0,0,0,0,0,0,0,0,0,0,0,0,0,0,0,0,0,0,0,0,0,0,0,1,0,0,0,A1UKZRDH1T231M,3GD6L00D3TDOB4ZGKL7ZSCEGFR8M1N
1,1,14,10,9,0,0,0.8,1,10,0,NaN,NaN,NaN,NaN,NaN,1,1,0,0,0,0,0,0,0,0,1,1,0,0,0,0,0,0,0,0,0,0,0,0,1,0,0,0,0,0,0,0,0,0,0,0,0,0,0,0,0,0,0,0,0,0,0,0,1,0,0,0,0,0,A1UKZRDH1T231M,3GD6L00D3TDOB4ZGKL7ZSCEGFR8M1N
1,1,15,9,8,0,0,0.9,2,8,0,NaN,NaN,NaN,NaN,NaN,1,1,0,0,0,0,0,0,0,1,1,0,0,0,0,0,0,0,0,0,0,0,1,0,0,0,0,0,0,0,0,0,0,0,0,0,0,0,0,0,0,0,0,0,0,0,0,0,0,0,1,0,0,0,A1UKZRDH1T231M,3GD6L00D3TDOB4ZGKL7ZSCEGFR8M1N
1,1,16,9,8,0,1,0.7,2,8,1,NaN,NaN,NaN,NaN,NaN,1,1,0,0,0,0,0,0,0,1,1,0,0,0,0,0,0,0,0,0,0,0,1,0,0,0,0,0,0,0,0,0,0,0,0,1,0,0,0,0,0,0,0,0,0,0,0,0,1,0,1,0,0,0,A1UKZRDH1T231M,3GD6L00D3TDOB4ZGKL7ZSCEGFR8M1N
1,2,1,13,10,1,1,0.8,2,10,1,NaN,NaN,NaN,NaN,NaN,1,1,0,0,0,0,0,0,0,0,0,1,0,0,1,0,0,0,0,0,0,0,0,0,1,0,0,0,0,0,0,0,0,0,0,0,0,1,0,0,0,0,0,0,0,0,0,0,0,0,1,0,0,1,A1UKZRDH1T231M,3GD6L00D3TDOB4ZGKL7ZSCEGFR8M1N
1,2,2,13,10,1,1,0.5,2,10,1,NaN,NaN,NaN,NaN,NaN,1,1,0,0,0,0,0,0,0,0,0,1,0,0,1,0,0,0,0,0,0,0,0,0,1,0,0,0,0,0,0,0,0,0,0,0,0,1,0,0,0,0,0,0,0,0,0,0,0,0,1,0,0,1,A1UKZRDH1T231M,3GD6L00D3TDOB4ZGKL7ZSCEGFR8M1N
1,2,3,13,10,0,0,0.5,2,10,0,NaN,NaN,NaN,NaN,NaN,1,1,0,0,0,0,0,0,0,0,0,1,0,0,1,0,0,0,0,0,0,0,0,0,1,0,0,0,0,0,0,0,0,0,0,0,0,0,0,0,0,0,0,0,0,0,0,0,0,0,0,0,0,0,A1UKZRDH1T231M,3GD6L00D3TDOB4ZGKL7ZSCEGFR8M1N
1,2,4,10,13,1,0,0.5,1,10,1,NaN,NaN,NaN,NaN,NaN,1,1,0,0,0,0,0,0,0,0,0,1,0,0,1,0,0,0,0,0,0,0,0,0,1,0,0,0,0,0,0,0,0,0,0,0,0,1,0,0,0,0,0,0,0,0,0,0,0,0,1,0,0,0,A1UKZRDH1T231M,3GD6L00D3TDOB4ZGKL7ZSCEGFR8M1N
1,2,5,10,13,1,0,0.5,1,10,1,NaN,NaN,NaN,NaN,NaN,1,1,0,0,0,0,0,0,0,0,0,1,0,0,1,0,0,0,0,0,0,0,0,0,1,0,0,0,0,0,0,0,0,0,0,0,0,1,0,0,0,0,0,0,0,0,0,0,0,0,1,0,0,0,A1UKZRDH1T231M,3GD6L00D3TDOB4ZGKL7ZSCEGFR8M1N
1,2,6,13,10,1,0,0.4,2,10,0,NaN,NaN,NaN,NaN,NaN,1,1,0,0,0,0,0,0,0,0,0,1,0,0,1,0,0,0,0,0,0,0,0,0,1,0,0,0,0,0,0,0,0,0,0,0,0,0,0,0,0,0,0,0,0,0,0,0,0,0,0,0,0,1,A1UKZRDH1T231M,3GD6L00D3TDOB4ZGKL7ZSCEGFR8M1N
1,2,7,10,13,1,0,0.4,1,10,1,NaN,NaN,NaN,NaN,NaN,1,1,0,0,0,0,0,0,0,0,0,1,0,0,1,0,0,0,0,0,0,0,0,0,1,0,0,0,0,0,0,0,0,0,0,0,0,1,0,0,0,0,0,0,0,0,0,0,0,0,1,0,0,0,A1UKZRDH1T231M,3GD6L00D3TDOB4ZGKL7ZSCEGFR8M1N
1,2,8,10,8,1,1,0.7,1,10,1,NaN,NaN,NaN,NaN,NaN,1,1,0,0,0,0,0,0,0,1,0,1,0,0,0,0,0,0,0,0,0,0,0,0,1,0,0,0,0,0,0,0,0,0,0,0,0,1,0,0,0,0,0,0,0,0,0,0,1,0,1,0,0,0,A1UKZRDH1T231M,3GD6L00D3TDOB4ZGKL7ZSCEGFR8M1N
1,2,9,13,10,0,0,0.6,2,10,0,NaN,NaN,NaN,NaN,NaN,1,1,0,0,0,0,0,0,0,0,0,1,0,0,1,0,0,0,0,0,0,0,0,0,1,0,0,0,0,0,0,0,0,0,0,0,0,0,0,0,0,0,0,0,0,0,0,0,0,0,0,0,0,0,A1UKZRDH1T231M,3GD6L00D3TDOB4ZGKL7ZSCEGFR8M1N
1,2,10,10,8,0,0,0.4,1,10,0,NaN,NaN,NaN,NaN,NaN,1,1,0,0,0,0,0,0,0,1,0,1,0,0,0,0,0,0,0,0,0,0,0,0,1,0,0,0,0,0,0,0,0,0,0,0,0,0,0,0,0,0,0,0,0,0,0,0,0,0,0,0,0,1,A1UKZRDH1T231M,3GD6L00D3TDOB4ZGKL7ZSCEGFR8M1N
1,2,11,10,8,1,1,0.5,1,10,1,NaN,NaN,NaN,NaN,NaN,1,1,0,0,0,0,0,0,0,1,0,1,0,0,0,0,0,0,0,0,0,0,0,0,1,0,0,0,0,0,0,0,0,0,0,0,0,1,0,0,0,0,0,0,0,0,0,0,1,0,1,0,0,1,A1UKZRDH1T231M,3GD6L00D3TDOB4ZGKL7ZSCEGFR8M1N
1,2,12,13,10,0,1,0.5,2,10,1,NaN,NaN,NaN,NaN,NaN,1,1,0,0,0,0,0,0,0,0,0,1,0,0,1,0,0,0,0,0,0,0,0,0,1,0,0,0,0,0,0,0,0,0,0,0,0,1,0,0,0,0,0,0,0,0,0,0,0,0,1,0,0,0,A1UKZRDH1T231M,3GD6L00D3TDOB4ZGKL7ZSCEGFR8M1N
1,2,13,8,10,1,0,0.6,2,10,0,NaN,NaN,NaN,NaN,NaN,1,1,0,0,0,0,0,0,0,1,0,1,0,0,0,0,0,0,0,0,0,0,0,0,1,0,0,0,0,0,0,0,0,0,0,0,0,0,0,0,0,0,0,0,0,0,0,0,1,0,0,0,0,1,A1UKZRDH1T231M,3GD6L00D3TDOB4ZGKL7ZSCEGFR8M1N
1,2,14,13,8,1,0,1.6,2,8,0,NaN,NaN,NaN,NaN,NaN,1,1,0,0,0,0,0,0,0,1,0,0,0,0,1,0,0,0,0,0,0,0,1,0,0,0,0,0,0,0,0,0,0,0,0,0,0,0,0,0,0,0,0,0,0,0,0,0,0,0,0,0,0,1,A1UKZRDH1T231M,3GD6L00D3TDOB4ZGKL7ZSCEGFR8M1N
1,3,1,10,9,1,0,1.0,1,10,1,NaN,NaN,NaN,NaN,NaN,1,1,0,0,0,0,0,0,0,0,1,1,0,0,0,0,0,0,0,0,0,0,0,0,1,0,0,0,0,0,0,0,0,0,0,0,0,1,0,0,0,0,0,0,0,0,0,0,0,0,1,0,0,0,A1UKZRDH1T231M,3GD6L00D3TDOB4ZGKL7ZSCEGFR8M1N
1,3,2,9,10,1,0,0.4,2,10,0,NaN,NaN,NaN,NaN,NaN,1,1,0,0,0,0,0,0,0,0,1,1,0,0,0,0,0,0,0,0,0,0,0,0,1,0,0,0,0,0,0,0,0,0,0,0,0,0,0,0,0,0,0,0,0,0,0,0,0,1,0,0,0,0,A1UKZRDH1T231M,3GD6L00D3TDOB4ZGKL7ZSCEGFR8M1N
1,3,3,10,9,1,1,0.5,1,10,1,NaN,NaN,NaN,NaN,NaN,1,1,0,0,0,0,0,0,0,0,1,1,0,0,0,0,0,0,0,0,0,0,0,0,1,0,0,0,0,0,0,0,0,0,0,0,0,1,0,0,0,0,0,0,0,0,1,0,0,1,1,0,0,0,A1UKZRDH1T231M,3GD6L00D3TDOB4ZGKL7ZSCEGFR8M1N
1,3,4,10,9,1,0,0.4,1,10,1,NaN,NaN,NaN,NaN,NaN,1,1,0,0,0,0,0,0,0,0,1,1,0,0,0,0,0,0,0,0,0,0,0,0,1,0,0,0,0,0,0,0,0,0,0,0,0,1,0,0,0,0,0,0,0,0,0,0,0,0,1,0,0,0,A1UKZRDH1T231M,3GD6L00D3TDOB4ZGKL7ZSCEGFR8M1N
1,3,5,9,10,1,0,0.4,2,10,0,NaN,NaN,NaN,NaN,NaN,1,1,0,0,0,0,0,0,0,0,1,1,0,0,0,0,0,0,0,0,0,0,0,0,1,0,0,0,0,0,0,0,0,0,0,0,0,0,0,0,0,0,0,0,0,0,0,0,0,1,0,0,0,0,A1UKZRDH1T231M,3GD6L00D3TDOB4ZGKL7ZSCEGFR8M1N
1,3,6,9,10,0,1,0.5,2,10,1,NaN,NaN,NaN,NaN,NaN,1,1,0,0,0,0,0,0,0,0,1,1,0,0,0,0,0,0,0,0,0,0,0,0,1,0,0,0,0,0,0,0,0,0,0,0,0,1,0,0,0,0,0,0,0,0,1,0,0,0,1,0,0,0,A1UKZRDH1T231M,3GD6L00D3TDOB4ZGKL7ZSCEGFR8M1N
1,3,7,9,6,0,0,1.2,1,9,0,NaN,NaN,NaN,NaN,NaN,1,1,0,0,0,0,0,1,0,0,1,0,0,0,0,0,0,0,0,0,0,0,0,1,0,0,0,0,0,0,0,0,0,0,0,0,0,0,0,0,0,0,0,0,0,0,0,0,0,0,1,0,0,0,A1UKZRDH1T231M,3GD6L00D3TDOB4ZGKL7ZSCEGFR8M1N
1,3,8,6,10,0,0,0.6,2,10,0,NaN,NaN,NaN,NaN,NaN,1,1,0,0,0,0,0,1,0,0,0,1,0,0,0,0,0,0,0,0,0,0,0,0,1,0,0,0,0,0,0,0,0,0,0,0,0,0,0,0,0,0,0,0,0,0,0,0,0,1,0,0,0,0,A1UKZRDH1T231M,3GD6L00D3TDOB4ZGKL7ZSCEGFR8M1N
1,3,9,6,9,0,0,0.4,1,6,0,NaN,NaN,NaN,NaN,NaN,1,1,0,0,0,0,0,1,0,0,1,0,0,0,0,0,0,0,0,0,1,0,0,0,0,0,0,0,0,0,0,0,0,0,0,0,0,0,0,0,0,0,0,0,0,0,0,0,0,0,1,0,0,0,A1UKZRDH1T231M,3GD6L00D3TDOB4ZGKL7ZSCEGFR8M1N
1,3,10,10,6,0,1,0.6,1,10,0,NaN,NaN,NaN,NaN,NaN,1,1,0,0,0,0,0,1,0,0,0,1,0,0,0,0,0,0,0,0,0,0,0,0,1,0,0,0,0,0,0,0,0,0,0,0,0,0,0,0,0,0,0,0,0,0,1,0,0,1,0,0,0,0,A1UKZRDH1T231M,3GD6L00D3TDOB4ZGKL7ZSCEGFR8M1N
1,3,11,10,6,1,0,0.6,1,10,1,NaN,NaN,NaN,NaN,NaN,1,1,0,0,0,0,0,1,0,0,0,1,0,0,0,0,0,0,0,0,0,0,0,0,1,0,0,0,0,0,0,0,0,0,0,0,0,1,0,0,0,0,0,0,0,0,0,0,0,0,1,0,0,0,A1UKZRDH1T231M,3GD6L00D3TDOB4ZGKL7ZSCEGFR8M1N
1,3,12,6,9,0,1,1.2,2,9,1,NaN,NaN,NaN,NaN,NaN,1,1,0,0,0,0,0,1,0,0,1,0,0,0,0,0,0,0,0,0,0,0,0,1,0,0,0,0,0,0,0,0,0,0,0,0,1,0,0,0,0,0,0,0,0,0,0,0,0,1,0,0,0,0,A1UKZRDH1T231M,3GD6L00D3TDOB4ZGKL7ZSCEGFR8M1N
1,3,13,10,9,1,1,0.8,1,10,1,NaN,NaN,NaN,NaN,NaN,1,1,0,0,0,0,0,0,0,0,1,1,0,0,0,0,0,0,0,0,0,0,0,0,1,0,0,0,0,0,0,0,0,0,0,0,0,1,0,0,0,0,0,0,0,0,0,0,0,1,1,0,0,0,A1UKZRDH1T231M,3GD6L00D3TDOB4ZGKL7ZSCEGFR8M1N
1,4,1,8,7,1,1,1.0,1,8,1,NaN,NaN,NaN,NaN,NaN,1,1,0,0,0,0,0,0,1,1,0,0,0,0,0,0,0,0,0,0,0,0,1,0,0,0,0,0,0,0,0,0,0,0,0,1,0,0,0,0,0,0,0,0,0,0,0,1,1,0,1,0,0,0,A1UKZRDH1T231M,3GD6L00D3TDOB4ZGKL7ZSCEGFR8M1N
1,4,2,7,8,1,0,0.4,2,8,0,NaN,NaN,NaN,NaN,NaN,1,1,0,0,0,0,0,0,1,1,0,0,0,0,0,0,0,0,0,0,0,0,1,0,0,0,0,0,0,0,0,0,0,0,0,0,0,0,0,0,0,0,0,0,0,0,0,1,0,0,0,0,0,0,A1UKZRDH1T231M,3GD6L00D3TDOB4ZGKL7ZSCEGFR8M1N
1,4,3,7,8,0,0,0.5,2,8,0,NaN,NaN,NaN,NaN,NaN,1,1,0,0,0,0,0,0,1,1,0,0,0,0,0,0,0,0,0,0,0,0,1,0,0,0,0,0,0,0,0,0,0,0,0,0,0,0,0,0,0,0,0,0,0,0,0,0,0,0,0,0,0,0,A1UKZRDH1T231M,3GD6L00D3TDOB4ZGKL7ZSCEGFR8M1N
1,4,4,7,8,0,0,0.7,1,7,0,NaN,NaN,NaN,NaN,NaN,1,1,0,0,0,0,0,0,1,1,0,0,0,0,0,0,0,0,0,0,0,1,0,0,0,0,0,0,0,0,0,0,0,0,0,0,0,0,0,0,0,0,0,0,0,0,0,0,0,0,0,0,0,0,A1UKZRDH1T231M,3GD6L00D3TDOB4ZGKL7ZSCEGFR8M1N
1,4,5,8,7,1,1,1.1,1,8,1,NaN,NaN,NaN,NaN,NaN,1,1,0,0,0,0,0,0,1,1,0,0,0,0,0,0,0,0,0,0,0,0,1,0,0,0,0,0,0,0,0,0,0,0,0,1,0,0,0,0,0,0,0,0,0,0,0,1,1,0,1,0,0,0,A1UKZRDH1T231M,3GD6L00D3TDOB4ZGKL7ZSCEGFR8M1N
1,4,6,8,7,1,1,0.5,1,8,1,NaN,NaN,NaN,NaN,NaN,1,1,0,0,0,0,0,0,1,1,0,0,0,0,0,0,0,0,0,0,0,0,1,0,0,0,0,0,0,0,0,0,0,0,0,1,0,0,0,0,0,0,0,0,0,0,0,1,1,0,0,0,0,0,A1UKZRDH1T231M,3GD6L00D3TDOB4ZGKL7ZSCEGFR8M1N
1,4,7,8,7,1,1,0.5,1,8,1,NaN,NaN,NaN,NaN,NaN,1,1,0,0,0,0,0,0,1,1,0,0,0,0,0,0,0,0,0,0,0,0,1,0,0,0,0,0,0,0,0,0,0,0,0,1,0,0,0,0,0,0,0,0,0,0,0,1,1,0,0,0,0,0,A1UKZRDH1T231M,3GD6L00D3TDOB4ZGKL7ZSCEGFR8M1N
1,4,8,8,7,0,1,0.6,1,8,0,NaN,NaN,NaN,NaN,NaN,1,1,0,0,0,0,0,0,1,1,0,0,0,0,0,0,0,0,0,0,0,0,1,0,0,0,0,0,0,0,0,0,0,0,0,0,0,0,0,0,0,0,0,0,0,0,0,1,0,0,0,0,0,0,A1UKZRDH1T231M,3GD6L00D3TDOB4ZGKL7ZSCEGFR8M1N
1,4,9,7,8,1,1,0.4,2,8,1,NaN,NaN,NaN,NaN,NaN,1,1,0,0,0,0,0,0,1,1,0,0,0,0,0,0,0,0,0,0,0,0,1,0,0,0,0,0,0,0,0,0,0,0,0,1,0,0,0,0,0,0,0,0,0,0,0,1,1,0,0,0,0,0,A1UKZRDH1T231M,3GD6L00D3TDOB4ZGKL7ZSCEGFR8M1N
1,4,10,7,8,1,1,0.5,2,8,1,NaN,NaN,NaN,NaN,NaN,1,1,0,0,0,0,0,0,1,1,0,0,0,0,0,0,0,0,0,0,0,0,1,0,0,0,0,0,0,0,0,0,0,0,0,1,0,0,0,0,0,0,0,0,0,0,0,1,1,0,1,0,0,0,A1UKZRDH1T231M,3GD6L00D3TDOB4ZGKL7ZSCEGFR8M1N
1,4,11,10,7,0,1,0.9,1,10,0,NaN,NaN,NaN,NaN,NaN,1,1,0,0,0,0,0,0,1,0,0,1,0,0,0,0,0,0,0,0,0,0,0,0,1,0,0,0,0,0,0,0,0,0,0,0,0,0,0,0,0,0,0,0,0,0,0,1,0,0,0,0,0,0,A1UKZRDH1T231M,3GD6L00D3TDOB4ZGKL7ZSCEGFR8M1N
1,4,12,7,8,0,1,0.5,2,8,1,NaN,NaN,NaN,NaN,NaN,1,1,0,0,0,0,0,0,1,1,0,0,0,0,0,0,0,0,0,0,0,0,1,0,0,0,0,0,0,0,0,0,0,0,0,1,0,0,0,0,0,0,0,0,0,0,0,0,1,0,0,0,0,0,A1UKZRDH1T231M,3GD6L00D3TDOB4ZGKL7ZSCEGFR8M1N
1,4,13,7,8,1,0,0.5,2,8,0,NaN,NaN,NaN,NaN,NaN,1,1,0,0,0,0,0,0,1,1,0,0,0,0,0,0,0,0,0,0,0,0,1,0,0,0,0,0,0,0,0,0,0,0,0,0,0,0,0,0,0,0,0,0,0,0,0,1,0,0,0,0,0,0,A1UKZRDH1T231M,3GD6L00D3TDOB4ZGKL7ZSCEGFR8M1N
1,5,1,13,10,1,0,0.9,2,10,0,NaN,NaN,NaN,NaN,NaN,1,1,0,0,0,0,0,0,0,0,0,1,0,0,1,0,0,0,0,0,0,0,0,0,1,0,0,0,0,0,0,0,0,0,0,0,0,0,0,0,0,0,0,0,0,1,0,0,0,0,0,0,0,1,A1UKZRDH1T231M,3GD6L00D3TDOB4ZGKL7ZSCEGFR8M1N
1,5,2,13,10,1,0,0.5,2,10,0,NaN,NaN,NaN,NaN,NaN,1,1,0,0,0,0,0,0,0,0,0,1,0,0,1,0,0,0,0,0,0,0,0,0,1,0,0,0,0,0,0,0,0,0,0,0,0,0,0,0,0,0,0,0,0,1,0,0,0,0,0,0,0,1,A1UKZRDH1T231M,3GD6L00D3TDOB4ZGKL7ZSCEGFR8M1N
1,5,3,13,10,1,0,0.5,2,10,0,NaN,NaN,NaN,NaN,NaN,1,1,0,0,0,0,0,0,0,0,0,1,0,0,1,0,0,0,0,0,0,0,0,0,1,0,0,0,0,0,0,0,0,0,0,0,0,0,0,0,0,0,0,0,0,0,0,0,0,0,0,0,0,1,A1UKZRDH1T231M,3GD6L00D3TDOB4ZGKL7ZSCEGFR8M1N
1,5,4,10,13,0,1,0.6,2,13,1,NaN,NaN,NaN,NaN,NaN,1,1,0,0,0,0,0,0,0,0,0,1,0,0,1,0,0,0,0,0,0,0,0,0,0,0,0,1,0,0,0,0,0,0,0,0,0,0,0,0,1,0,0,0,0,1,0,0,0,0,0,0,0,1,A1UKZRDH1T231M,3GD6L00D3TDOB4ZGKL7ZSCEGFR8M1N
1,5,5,13,10,1,1,0.6,1,13,1,NaN,NaN,NaN,NaN,NaN,1,1,0,0,0,0,0,0,0,0,0,1,0,0,1,0,0,0,0,0,0,0,0,0,0,0,0,1,0,0,0,0,0,0,0,0,0,0,0,0,1,0,0,0,0,1,0,0,0,0,1,0,0,1,A1UKZRDH1T231M,3GD6L00D3TDOB4ZGKL7ZSCEGFR8M1N
1,5,6,13,10,1,0,0.5,1,13,1,NaN,NaN,NaN,NaN,NaN,1,1,0,0,0,0,0,0,0,0,0,1,0,0,1,0,0,0,0,0,0,0,0,0,0,0,0,1,0,0,0,0,0,0,0,0,0,0,0,0,1,0,0,0,0,0,0,0,0,0,0,0,0,1,A1UKZRDH1T231M,3GD6L00D3TDOB4ZGKL7ZSCEGFR8M1N
1,5,7,10,13,1,1,0.6,2,13,1,NaN,NaN,NaN,NaN,NaN,1,1,0,0,0,0,0,0,0,0,0,1,0,0,1,0,0,0,0,0,0,0,0,0,0,0,0,1,0,0,0,0,0,0,0,0,0,0,0,0,1,0,0,0,0,1,0,0,0,0,1,0,0,1,A1UKZRDH1T231M,3GD6L00D3TDOB4ZGKL7ZSCEGFR8M1N
1,5,8,13,10,0,0,0.6,1,13,0,NaN,NaN,NaN,NaN,NaN,1,1,0,0,0,0,0,0,0,0,0,1,0,0,1,0,0,0,0,0,0,0,0,0,0,0,0,1,0,0,0,0,0,0,0,0,0,0,0,0,0,0,0,0,0,1,0,0,0,0,0,0,0,0,A1UKZRDH1T231M,3GD6L00D3TDOB4ZGKL7ZSCEGFR8M1N
1,5,9,13,10,1,0,0.5,1,13,1,NaN,NaN,NaN,NaN,NaN,1,1,0,0,0,0,0,0,0,0,0,1,0,0,1,0,0,0,0,0,0,0,0,0,0,0,0,1,0,0,0,0,0,0,0,0,0,0,0,0,1,0,0,0,0,0,0,0,0,0,0,0,0,1,A1UKZRDH1T231M,3GD6L00D3TDOB4ZGKL7ZSCEGFR8M1N
1,5,10,13,10,1,1,0.6,1,13,1,NaN,NaN,NaN,NaN,NaN,1,1,0,0,0,0,0,0,0,0,0,1,0,0,1,0,0,0,0,0,0,0,0,0,0,0,0,1,0,0,0,0,0,0,0,0,0,0,0,0,1,0,0,0,0,0,0,0,0,0,1,0,0,1,A1UKZRDH1T231M,3GD6L00D3TDOB4ZGKL7ZSCEGFR8M1N
1,5,11,13,10,1,0,0.4,1,13,1,NaN,NaN,NaN,NaN,NaN,1,1,0,0,0,0,0,0,0,0,0,1,0,0,1,0,0,0,0,0,0,0,0,0,0,0,0,1,0,0,0,0,0,0,0,0,0,0,0,0,1,0,0,0,0,0,0,0,0,0,0,0,0,1,A1UKZRDH1T231M,3GD6L00D3TDOB4ZGKL7ZSCEGFR8M1N
1,5,12,13,5,1,1,0.5,1,13,1,NaN,NaN,NaN,NaN,NaN,1,1,0,0,0,0,1,0,0,0,0,0,0,0,1,0,0,0,0,0,0,0,0,0,0,0,0,1,0,0,0,0,0,0,0,0,0,0,0,0,1,0,0,0,0,1,0,0,0,0,0,0,0,1,A1UKZRDH1T231M,3GD6L00D3TDOB4ZGKL7ZSCEGFR8M1N
1,5,13,10,5,0,0,1.2,2,5,0,NaN,NaN,NaN,NaN,NaN,1,1,0,0,0,0,1,0,0,0,0,1,0,0,0,0,0,0,0,1,0,0,0,0,0,0,0,0,0,0,0,0,0,0,0,0,0,0,0,0,0,0,0,0,0,0,0,0,0,0,0,0,0,0,A1UKZRDH1T231M,3GD6L00D3TDOB4ZGKL7ZSCEGFR8M1N
1,5,14,10,13,0,0,0.8,2,13,0,NaN,NaN,NaN,NaN,NaN,1,1,0,0,0,0,0,0,0,0,0,1,0,0,1,0,0,0,0,0,0,0,0,0,0,0,0,1,0,0,0,0,0,0,0,0,0,0,0,0,0,0,0,0,0,0,0,0,0,0,0,0,0,0,A1UKZRDH1T231M,3GD6L00D3TDOB4ZGKL7ZSCEGFR8M1N
1,5,15,13,10,1,0,0.7,1,13,1,NaN,NaN,NaN,NaN,NaN,1,1,0,0,0,0,0,0,0,0,0,1,0,0,1,0,0,0,0,0,0,0,0,0,0,0,0,1,0,0,0,0,0,0,0,0,0,0,0,0,1,0,0,0,0,0,0,0,0,0,0,0,0,1,A1UKZRDH1T231M,3GD6L00D3TDOB4ZGKL7ZSCEGFR8M1N
1,5,16,13,10,1,0,0.6,1,13,1,NaN,NaN,NaN,NaN,NaN,1,1,0,0,0,0,0,0,0,0,0,1,0,0,1,0,0,0,0,0,0,0,0,0,0,0,0,1,0,0,0,0,0,0,0,0,0,0,0,0,1,0,0,0,0,1,0,0,0,0,0,0,0,1,A1UKZRDH1T231M,3GD6L00D3TDOB4ZGKL7ZSCEGFR8M1N
1,6,1,7,11,1,1,1.0,1,7,1,NaN,NaN,NaN,NaN,NaN,1,1,0,0,0,0,0,0,1,0,0,0,1,0,0,0,0,0,0,0,0,1,0,0,0,0,0,0,0,0,0,0,0,0,1,0,0,0,0,0,0,0,0,0,0,0,0,1,0,0,0,1,0,0,A1UKZRDH1T231M,3GD6L00D3TDOB4ZGKL7ZSCEGFR8M1N
1,6,2,7,11,1,1,0.4,1,7,1,NaN,NaN,NaN,NaN,NaN,1,1,0,0,0,0,0,0,1,0,0,0,1,0,0,0,0,0,0,0,0,1,0,0,0,0,0,0,0,0,0,0,0,0,1,0,0,0,0,0,0,0,0,0,0,0,0,1,0,0,0,1,0,0,A1UKZRDH1T231M,3GD6L00D3TDOB4ZGKL7ZSCEGFR8M1N
1,6,3,11,7,1,0,0.7,2,7,0,NaN,NaN,NaN,NaN,NaN,1,1,0,0,0,0,0,0,1,0,0,0,1,0,0,0,0,0,0,0,0,1,0,0,0,0,0,0,0,0,0,0,0,0,0,0,0,0,0,0,0,0,0,0,0,0,0,0,0,0,0,1,0,0,A1UKZRDH1T231M,3GD6L00D3TDOB4ZGKL7ZSCEGFR8M1N
1,6,4,11,7,1,0,0.6,2,7,0,NaN,NaN,NaN,NaN,NaN,1,1,0,0,0,0,0,0,1,0,0,0,1,0,0,0,0,0,0,0,0,1,0,0,0,0,0,0,0,0,0,0,0,0,0,0,0,0,0,0,0,0,0,0,0,0,0,0,0,0,0,1,0,0,A1UKZRDH1T231M,3GD6L00D3TDOB4ZGKL7ZSCEGFR8M1N
1,6,5,7,11,1,1,0.6,1,7,1,NaN,NaN,NaN,NaN,NaN,1,1,0,0,0,0,0,0,1,0,0,0,1,0,0,0,0,0,0,0,0,1,0,0,0,0,0,0,0,0,0,0,0,0,1,0,0,0,0,0,0,0,0,0,0,0,0,1,0,0,0,1,0,0,A1UKZRDH1T231M,3GD6L00D3TDOB4ZGKL7ZSCEGFR8M1N
1,6,6,11,7,0,1,0.4,2,7,1,NaN,NaN,NaN,NaN,NaN,1,1,0,0,0,0,0,0,1,0,0,0,1,0,0,0,0,0,0,0,0,1,0,0,0,0,0,0,0,0,0,0,0,0,1,0,0,0,0,0,0,0,0,0,0,0,1,1,0,0,0,0,0,0,A1UKZRDH1T231M,3GD6L00D3TDOB4ZGKL7ZSCEGFR8M1N
1,6,7,6,7,0,1,0.6,2,7,1,NaN,NaN,NaN,NaN,NaN,1,1,0,0,0,0,0,1,1,0,0,0,0,0,0,0,0,0,0,0,0,1,0,0,0,0,0,0,0,0,0,0,0,0,1,0,0,0,0,0,0,0,0,0,0,0,0,1,0,0,0,0,0,0,A1UKZRDH1T231M,3GD6L00D3TDOB4ZGKL7ZSCEGFR8M1N
1,6,8,11,6,0,1,1.1,1,11,0,NaN,NaN,NaN,NaN,NaN,1,1,0,0,0,0,0,1,0,0,0,0,1,0,0,0,0,0,0,0,0,0,0,0,0,1,0,0,0,0,0,0,0,0,0,0,0,0,0,0,0,0,0,0,0,0,1,0,0,0,0,0,0,0,A1UKZRDH1T231M,3GD6L00D3TDOB4ZGKL7ZSCEGFR8M1N
1,6,9,11,7,1,0,0.4,2,7,0,NaN,NaN,NaN,NaN,NaN,1,1,0,0,0,0,0,0,1,0,0,0,1,0,0,0,0,0,0,0,0,1,0,0,0,0,0,0,0,0,0,0,0,0,0,0,0,0,0,0,0,0,0,0,0,0,0,0,0,0,0,1,0,0,A1UKZRDH1T231M,3GD6L00D3TDOB4ZGKL7ZSCEGFR8M1N
1,6,10,6,7,0,0,0.5,2,7,0,NaN,NaN,NaN,NaN,NaN,1,1,0,0,0,0,0,1,1,0,0,0,0,0,0,0,0,0,0,0,0,1,0,0,0,0,0,0,0,0,0,0,0,0,0,0,0,0,0,0,0,0,0,0,0,0,0,0,0,0,0,0,0,0,A1UKZRDH1T231M,3GD6L00D3TDOB4ZGKL7ZSCEGFR8M1N
1,6,11,7,11,1,1,0.7,1,7,1,NaN,NaN,NaN,NaN,NaN,1,1,0,0,0,0,0,0,1,0,0,0,1,0,0,0,0,0,0,0,0,1,0,0,0,0,0,0,0,0,0,0,0,0,1,0,0,0,0,0,0,0,0,0,0,0,1,1,0,0,0,1,0,0,A1UKZRDH1T231M,3GD6L00D3TDOB4ZGKL7ZSCEGFR8M1N
1,6,12,7,6,0,0,0.7,1,7,0,NaN,NaN,NaN,NaN,NaN,1,1,0,0,0,0,0,1,1,0,0,0,0,0,0,0,0,0,0,0,0,1,0,0,0,0,0,0,0,0,0,0,0,0,0,0,0,0,0,0,0,0,0,0,0,0,0,0,0,0,0,0,0,0,A1UKZRDH1T231M,3GD6L00D3TDOB4ZGKL7ZSCEGFR8M1N
1,6,13,7,6,1,0,0.5,1,7,1,NaN,NaN,NaN,NaN,NaN,1,1,0,0,0,0,0,1,1,0,0,0,0,0,0,0,0,0,0,0,0,1,0,0,0,0,0,0,0,0,0,0,0,0,1,0,0,0,0,0,0,0,0,0,0,0,0,1,0,0,0,1,0,0,A1UKZRDH1T231M,3GD6L00D3TDOB4ZGKL7ZSCEGFR8M1N
1,6,14,7,11,0,0,0.6,1,7,0,NaN,NaN,NaN,NaN,NaN,1,1,0,0,0,0,0,0,1,0,0,0,1,0,0,0,0,0,0,0,0,1,0,0,0,0,0,0,0,0,0,0,0,0,0,0,0,0,0,0,0,0,0,0,0,0,0,0,0,0,0,0,0,0,A1UKZRDH1T231M,3GD6L00D3TDOB4ZGKL7ZSCEGFR8M1N
1,7,1,11,13,0,0,0.8,2,13,0,NaN,NaN,NaN,NaN,NaN,1,1,0,0,0,0,0,0,0,0,0,0,1,0,1,0,0,0,0,0,0,0,0,0,0,0,0,1,0,0,0,0,0,0,0,0,0,0,0,0,0,0,0,0,0,0,0,0,0,0,0,0,0,0,A1UKZRDH1T231M,3GD6L00D3TDOB4ZGKL7ZSCEGFR8M1N
1,7,2,13,11,0,1,0.6,1,13,0,NaN,NaN,NaN,NaN,NaN,1,1,0,0,0,0,0,0,0,0,0,0,1,0,1,0,0,0,0,0,0,0,0,0,0,0,0,1,0,0,0,0,0,0,0,0,0,0,0,0,0,0,0,0,0,0,0,0,0,0,0,1,0,0,A1UKZRDH1T231M,3GD6L00D3TDOB4ZGKL7ZSCEGFR8M1N
1,7,3,11,13,0,0,0.4,2,13,0,NaN,NaN,NaN,NaN,NaN,1,1,0,0,0,0,0,0,0,0,0,0,1,0,1,0,0,0,0,0,0,0,0,0,0,0,0,1,0,0,0,0,0,0,0,0,0,0,0,0,0,0,0,0,1,0,0,0,0,0,0,0,0,0,A1UKZRDH1T231M,3GD6L00D3TDOB4ZGKL7ZSCEGFR8M1N
1,7,4,13,11,1,1,0.6,2,11,1,NaN,NaN,NaN,NaN,NaN,1,1,0,0,0,0,0,0,0,0,0,0,1,0,1,0,0,0,0,0,0,0,0,0,0,1,0,0,0,0,0,0,0,0,0,0,0,0,1,0,0,0,0,0,0,0,0,0,0,0,0,1,0,1,A1UKZRDH1T231M,3GD6L00D3TDOB4ZGKL7ZSCEGFR8M1N
1,7,5,13,11,0,0,0.6,2,11,0,NaN,NaN,NaN,NaN,NaN,1,1,0,0,0,0,0,0,0,0,0,0,1,0,1,0,0,0,0,0,0,0,0,0,0,1,0,0,0,0,0,0,0,0,0,0,0,0,0,0,0,0,0,0,0,0,0,0,0,0,0,0,0,0,A1UKZRDH1T231M,3GD6L00D3TDOB4ZGKL7ZSCEGFR8M1N
1,7,6,11,13,1,1,0.7,1,11,1,NaN,NaN,NaN,NaN,NaN,1,1,0,0,0,0,0,0,0,0,0,0,1,0,1,0,0,0,0,0,0,0,0,0,0,1,0,0,0,0,0,0,0,0,0,0,0,0,1,0,0,0,0,0,1,0,0,0,0,0,0,1,0,1,A1UKZRDH1T231M,3GD6L00D3TDOB4ZGKL7ZSCEGFR8M1N
1,7,7,11,13,1,1,0.6,1,11,1,NaN,NaN,NaN,NaN,NaN,1,1,0,0,0,0,0,0,0,0,0,0,1,0,1,0,0,0,0,0,0,0,0,0,0,1,0,0,0,0,0,0,0,0,0,0,0,0,1,0,0,0,0,0,0,0,0,0,0,0,0,1,0,1,A1UKZRDH1T231M,3GD6L00D3TDOB4ZGKL7ZSCEGFR8M1N
1,7,8,11,13,1,0,0.5,1,11,1,NaN,NaN,NaN,NaN,NaN,1,1,0,0,0,0,0,0,0,0,0,0,1,0,1,0,0,0,0,0,0,0,0,0,0,1,0,0,0,0,0,0,0,0,0,0,0,0,1,0,0,0,0,0,0,0,0,0,0,0,0,1,0,0,A1UKZRDH1T231M,3GD6L00D3TDOB4ZGKL7ZSCEGFR8M1N
1,7,9,13,11,1,1,0.6,2,11,1,NaN,NaN,NaN,NaN,NaN,1,1,0,0,0,0,0,0,0,0,0,0,1,0,1,0,0,0,0,0,0,0,0,0,0,1,0,0,0,0,0,0,0,0,0,0,0,0,1,0,0,0,0,0,0,0,0,0,0,0,0,1,0,1,A1UKZRDH1T231M,3GD6L00D3TDOB4ZGKL7ZSCEGFR8M1N
1,7,10,4,13,0,0,0.9,1,4,0,NaN,NaN,NaN,NaN,NaN,1,1,0,0,0,1,0,0,0,0,0,0,0,0,1,0,0,0,1,0,0,0,0,0,0,0,0,0,0,0,0,0,0,0,0,0,0,0,0,0,0,0,0,0,0,0,0,0,0,0,0,0,0,0,A1UKZRDH1T231M,3GD6L00D3TDOB4ZGKL7ZSCEGFR8M1N
1,7,11,11,4,1,0,0.8,1,11,1,NaN,NaN,NaN,NaN,NaN,1,1,0,0,0,1,0,0,0,0,0,0,1,0,0,0,0,0,0,0,0,0,0,0,0,1,0,0,0,0,0,0,0,0,0,0,0,0,1,0,0,0,0,0,0,0,0,0,0,0,0,1,0,0,A1UKZRDH1T231M,3GD6L00D3TDOB4ZGKL7ZSCEGFR8M1N
1,7,12,11,13,0,1,0.9,1,11,0,NaN,NaN,NaN,NaN,NaN,1,1,0,0,0,0,0,0,0,0,0,0,1,0,1,0,0,0,0,0,0,0,0,0,0,1,0,0,0,0,0,0,0,0,0,0,0,0,0,0,0,0,0,0,0,0,0,0,0,0,0,0,0,1,A1UKZRDH1T231M,3GD6L00D3TDOB4ZGKL7ZSCEGFR8M1N
1,7,13,11,4,0,0,1.2,1,11,0,NaN,NaN,NaN,NaN,NaN,1,1,0,0,0,1,0,0,0,0,0,0,1,0,0,0,0,0,0,0,0,0,0,0,0,1,0,0,0,0,0,0,0,0,0,0,0,0,0,0,0,0,0,0,0,0,0,0,0,0,0,0,0,1,A1UKZRDH1T231M,3GD6L00D3TDOB4ZGKL7ZSCEGFR8M1N
1,7,14,13,11,1,1,1.2,2,11,1,NaN,NaN,NaN,NaN,NaN,1,1,0,0,0,0,0,0,0,0,0,0,1,0,1,0,0,0,0,0,0,0,0,0,0,1,0,0,0,0,0,0,0,0,0,0,0,0,1,0,0,0,0,0,1,0,0,0,0,0,0,1,0,1,A1UKZRDH1T231M,3GD6L00D3TDOB4ZGKL7ZSCEGFR8M1N
1,8,1,8,3,1,0,1.1,1,8,1,NaN,NaN,NaN,NaN,NaN,1,1,0,0,1,0,0,0,0,1,0,0,0,0,0,0,0,0,0,0,0,0,1,0,0,0,0,0,0,0,0,0,0,0,0,1,0,0,0,0,0,0,0,0,0,0,0,0,1,0,0,0,0,1,A1UKZRDH1T231M,3GD6L00D3TDOB4ZGKL7ZSCEGFR8M1N
1,8,2,3,8,1,0,0.4,2,8,0,NaN,NaN,NaN,NaN,NaN,1,1,0,0,1,0,0,0,0,1,0,0,0,0,0,0,0,0,0,0,0,0,1,0,0,0,0,0,0,0,0,0,0,0,0,0,0,0,0,0,0,0,0,1,0,0,0,0,0,0,0,0,0,1,A1UKZRDH1T231M,3GD6L00D3TDOB4ZGKL7ZSCEGFR8M1N
1,8,3,3,8,0,1,0.7,2,8,1,NaN,NaN,NaN,NaN,NaN,1,1,0,0,1,0,0,0,0,1,0,0,0,0,0,0,0,0,0,0,0,0,1,0,0,0,0,0,0,0,0,0,0,0,0,1,0,0,0,0,0,0,0,0,0,0,0,0,1,0,0,0,0,1,A1UKZRDH1T231M,3GD6L00D3TDOB4ZGKL7ZSCEGFR8M1N
1,8,4,3,8,0,0,1.7,2,8,0,NaN,NaN,NaN,NaN,NaN,1,1,0,0,1,0,0,0,0,1,0,0,0,0,0,0,0,0,0,0,0,0,1,0,0,0,0,0,0,0,0,0,0,0,0,0,0,0,0,0,0,0,0,0,0,0,0,0,0,0,0,0,0,0,A1UKZRDH1T231M,3GD6L00D3TDOB4ZGKL7ZSCEGFR8M1N
1,8,5,8,3,0,0,0.7,1,8,0,NaN,NaN,NaN,NaN,NaN,1,1,0,0,1,0,0,0,0,1,0,0,0,0,0,0,0,0,0,0,0,0,1,0,0,0,0,0,0,0,0,0,0,0,0,0,0,0,0,0,0,0,0,0,0,0,0,0,0,0,0,0,0,1,A1UKZRDH1T231M,3GD6L00D3TDOB4ZGKL7ZSCEGFR8M1N
1,8,6,3,8,0,1,0.8,2,8,1,NaN,NaN,NaN,NaN,NaN,1,1,0,0,1,0,0,0,0,1,0,0,0,0,0,0,0,0,0,0,0,0,1,0,0,0,0,0,0,0,0,0,0,0,0,1,0,0,0,0,0,0,0,0,0,0,0,0,1,0,0,0,0,1,A1UKZRDH1T231M,3GD6L00D3TDOB4ZGKL7ZSCEGFR8M1N
1,8,7,3,8,0,1,0.7,2,8,1,NaN,NaN,NaN,NaN,NaN,1,1,0,0,1,0,0,0,0,1,0,0,0,0,0,0,0,0,0,0,0,0,1,0,0,0,0,0,0,0,0,0,0,0,0,1,0,0,0,0,0,0,0,0,0,0,0,0,1,0,0,0,0,1,A1UKZRDH1T231M,3GD6L00D3TDOB4ZGKL7ZSCEGFR8M1N
1,8,8,3,8,0,1,0.9,2,8,1,NaN,NaN,NaN,NaN,NaN,1,1,0,0,1,0,0,0,0,1,0,0,0,0,0,0,0,0,0,0,0,0,1,0,0,0,0,0,0,0,0,0,0,0,0,1,0,0,0,0,0,0,0,0,0,0,0,0,1,0,0,0,0,1,A1UKZRDH1T231M,3GD6L00D3TDOB4ZGKL7ZSCEGFR8M1N
1,8,9,8,3,0,0,1.4,1,8,0,NaN,NaN,NaN,NaN,NaN,1,1,0,0,1,0,0,0,0,1,0,0,0,0,0,0,0,0,0,0,0,0,1,0,0,0,0,0,0,0,0,0,0,0,0,0,0,0,0,0,0,0,0,0,0,0,0,0,0,0,0,0,0,1,A1UKZRDH1T231M,3GD6L00D3TDOB4ZGKL7ZSCEGFR8M1N
1,8,10,3,8,0,0,0.6,2,8,0,NaN,NaN,NaN,NaN,NaN,1,1,0,0,1,0,0,0,0,1,0,0,0,0,0,0,0,0,0,0,0,0,1,0,0,0,0,0,0,0,0,0,0,0,0,0,0,0,0,0,0,0,0,0,0,0,0,0,0,0,0,0,0,0,A1UKZRDH1T231M,3GD6L00D3TDOB4ZGKL7ZSCEGFR8M1N
1,8,11,8,3,0,0,1.3,1,8,0,NaN,NaN,NaN,NaN,NaN,1,1,0,0,1,0,0,0,0,1,0,0,0,0,0,0,0,0,0,0,0,0,1,0,0,0,0,0,0,0,0,0,0,0,0,0,0,0,0,0,0,0,0,0,0,0,0,0,0,0,0,0,0,0,A1UKZRDH1T231M,3GD6L00D3TDOB4ZGKL7ZSCEGFR8M1N
1,8,12,8,13,1,1,0.7,1,8,1,NaN,NaN,NaN,NaN,NaN,1,1,0,0,0,0,0,0,0,1,0,0,0,0,1,0,0,0,0,0,0,0,1,0,0,0,0,0,0,0,0,0,0,0,0,1,0,0,0,0,0,0,0,0,0,0,0,0,1,0,0,0,0,1,A1UKZRDH1T231M,3GD6L00D3TDOB4ZGKL7ZSCEGFR8M1N
1,8,13,3,13,1,1,1.3,1,3,1,NaN,NaN,NaN,NaN,NaN,1,1,0,0,1,0,0,0,0,0,0,0,0,0,1,0,0,1,0,0,0,0,0,0,0,0,0,0,0,0,1,0,0,0,0,0,0,0,0,0,0,0,0,1,0,0,0,0,1,0,0,0,0,1,A1UKZRDH1T231M,3GD6L00D3TDOB4ZGKL7ZSCEGFR8M1N
1,8,14,8,3,0,1,0.6,1,8,0,NaN,NaN,NaN,NaN,NaN,1,1,0,0,1,0,0,0,0,1,0,0,0,0,0,0,0,0,0,0,0,0,1,0,0,0,0,0,0,0,0,0,0,0,0,0,0,0,0,0,0,0,0,1,0,0,0,0,0,0,0,0,0,1,A1UKZRDH1T231M,3GD6L00D3TDOB4ZGKL7ZSCEGFR8M1N
1,8,15,13,8,1,1,0.8,2,8,1,NaN,NaN,NaN,NaN,NaN,1,1,0,0,0,0,0,0,0,1,0,0,0,0,1,0,0,0,0,0,0,0,1,0,0,0,0,0,0,0,0,0,0,0,0,1,0,0,0,0,0,0,0,0,0,0,0,0,1,0,0,0,0,1,A1UKZRDH1T231M,3GD6L00D3TDOB4ZGKL7ZSCEGFR8M1N
1,9,1,10,11,1,1,1.2,1,10,1,NaN,NaN,NaN,NaN,NaN,1,1,0,0,0,0,0,0,0,0,0,1,1,0,0,0,0,0,0,0,0,0,0,0,1,0,0,0,0,0,0,0,0,0,0,0,0,1,0,0,0,0,0,0,0,0,0,0,0,0,1,1,1,0,A1UKZRDH1T231M,3GD6L00D3TDOB4ZGKL7ZSCEGFR8M1N
1,9,2,10,11,0,0,0.7,1,10,0,NaN,NaN,NaN,NaN,NaN,1,1,0,0,0,0,0,0,0,0,0,1,1,0,0,0,0,0,0,0,0,0,0,0,1,0,0,0,0,0,0,0,0,0,0,0,0,0,0,0,0,0,0,0,0,0,0,0,0,0,0,0,1,0,A1UKZRDH1T231M,3GD6L00D3TDOB4ZGKL7ZSCEGFR8M1N
1,9,3,10,11,1,1,0.5,1,10,1,NaN,NaN,NaN,NaN,NaN,1,1,0,0,0,0,0,0,0,0,0,1,1,0,0,0,0,0,0,0,0,0,0,0,1,0,0,0,0,0,0,0,0,0,0,0,0,1,0,0,0,0,0,0,0,0,0,0,0,0,1,1,1,0,A1UKZRDH1T231M,3GD6L00D3TDOB4ZGKL7ZSCEGFR8M1N
1,9,4,10,11,1,0,0.6,1,10,1,NaN,NaN,NaN,NaN,NaN,1,1,0,0,0,0,0,0,0,0,0,1,1,0,0,0,0,0,0,0,0,0,0,0,1,0,0,0,0,0,0,0,0,0,0,0,0,1,0,0,0,0,0,0,0,0,0,0,0,0,1,0,1,0,A1UKZRDH1T231M,3GD6L00D3TDOB4ZGKL7ZSCEGFR8M1N
1,9,5,10,11,0,1,0.7,1,10,0,NaN,NaN,NaN,NaN,NaN,1,1,0,0,0,0,0,0,0,0,0,1,1,0,0,0,0,0,0,0,0,0,0,0,1,0,0,0,0,0,0,0,0,0,0,0,0,0,0,0,0,0,0,0,0,0,0,0,0,0,0,1,0,0,A1UKZRDH1T231M,3GD6L00D3TDOB4ZGKL7ZSCEGFR8M1N
1,9,6,11,10,0,1,1.4,2,10,1,NaN,NaN,NaN,NaN,NaN,1,1,0,0,0,0,0,0,0,0,0,1,1,0,0,0,0,0,0,0,0,0,0,0,1,0,0,0,0,0,0,0,0,0,0,0,0,1,0,0,0,0,0,0,0,0,0,0,0,0,1,0,1,0,A1UKZRDH1T231M,3GD6L00D3TDOB4ZGKL7ZSCEGFR8M1N
1,9,7,11,10,0,1,1.2,2,10,1,NaN,NaN,NaN,NaN,NaN,1,1,0,0,0,0,0,0,0,0,0,1,1,0,0,0,0,0,0,0,0,0,0,0,1,0,0,0,0,0,0,0,0,0,0,0,0,1,0,0,0,0,0,0,0,0,0,0,0,0,1,0,1,0,A1UKZRDH1T231M,3GD6L00D3TDOB4ZGKL7ZSCEGFR8M1N
1,9,8,10,11,0,0,0.8,1,10,0,NaN,NaN,NaN,NaN,NaN,1,1,0,0,0,0,0,0,0,0,0,1,1,0,0,0,0,0,0,0,0,0,0,0,1,0,0,0,0,0,0,0,0,0,0,0,0,0,0,0,0,0,0,0,0,0,0,0,0,0,0,0,1,0,A1UKZRDH1T231M,3GD6L00D3TDOB4ZGKL7ZSCEGFR8M1N
1,9,9,11,10,0,0,0.6,2,10,0,NaN,NaN,NaN,NaN,NaN,1,1,0,0,0,0,0,0,0,0,0,1,1,0,0,0,0,0,0,0,0,0,0,0,1,0,0,0,0,0,0,0,0,0,0,0,0,0,0,0,0,0,0,0,0,0,0,0,0,0,0,0,1,0,A1UKZRDH1T231M,3GD6L00D3TDOB4ZGKL7ZSCEGFR8M1N
1,9,10,11,10,0,1,1.0,2,10,1,NaN,NaN,NaN,NaN,NaN,1,1,0,0,0,0,0,0,0,0,0,1,1,0,0,0,0,0,0,0,0,0,0,0,1,0,0,0,0,0,0,0,0,0,0,0,0,1,0,0,0,0,0,0,0,0,0,0,0,0,1,0,1,0,A1UKZRDH1T231M,3GD6L00D3TDOB4ZGKL7ZSCEGFR8M1N
1,9,11,10,12,0,0,0.9,1,10,0,NaN,NaN,NaN,NaN,NaN,1,1,0,0,0,0,0,0,0,0,0,1,0,1,0,0,0,0,0,0,0,0,0,0,1,0,0,0,0,0,0,0,0,0,0,0,0,0,0,0,0,0,0,0,0,0,0,0,0,0,0,0,0,0,A1UKZRDH1T231M,3GD6L00D3TDOB4ZGKL7ZSCEGFR8M1N
1,9,12,12,10,1,0,0.7,2,10,0,NaN,NaN,NaN,NaN,NaN,1,1,0,0,0,0,0,0,0,0,0,1,0,1,0,0,0,0,0,0,0,0,0,0,1,0,0,0,0,0,0,0,0,0,0,0,0,0,0,0,0,0,0,0,0,0,0,0,0,0,0,0,1,0,A1UKZRDH1T231M,3GD6L00D3TDOB4ZGKL7ZSCEGFR8M1N
1,9,13,10,11,1,0,0.6,1,10,1,NaN,NaN,NaN,NaN,NaN,1,1,0,0,0,0,0,0,0,0,0,1,1,0,0,0,0,0,0,0,0,0,0,0,1,0,0,0,0,0,0,0,0,0,0,0,0,1,0,0,0,0,0,0,0,0,0,0,0,0,1,0,1,0,A1UKZRDH1T231M,3GD6L00D3TDOB4ZGKL7ZSCEGFR8M1N
1,9,14,12,11,1,0,0.9,2,11,0,NaN,NaN,NaN,NaN,NaN,1,1,0,0,0,0,0,0,0,0,0,0,1,1,0,0,0,0,0,0,0,0,0,0,0,1,0,0,0,0,0,0,0,0,0,0,0,0,0,0,0,0,0,0,0,0,0,0,0,0,0,0,1,0,A1UKZRDH1T231M,3GD6L00D3TDOB4ZGKL7ZSCEGFR8M1N
1,9,15,10,11,1,0,0.7,1,10,1,NaN,NaN,NaN,NaN,NaN,1,1,0,0,0,0,0,0,0,0,0,1,1,0,0,0,0,0,0,0,0,0,0,0,1,0,0,0,0,0,0,0,0,0,0,0,0,1,0,0,0,0,0,0,0,0,0,0,0,0,1,0,0,0,A1UKZRDH1T231M,3GD6L00D3TDOB4ZGKL7ZSCEGFR8M1N
1,10,1,10,1,1,0,0.9,1,10,1,NaN,NaN,NaN,NaN,NaN,1,1,1,0,0,0,0,0,0,0,0,1,0,0,0,0,0,0,0,0,0,0,0,0,1,0,0,0,0,0,0,0,0,0,0,0,0,1,0,0,0,0,0,0,0,0,1,0,0,0,1,0,0,0,A1UKZRDH1T231M,3GD6L00D3TDOB4ZGKL7ZSCEGFR8M1N
1,10,2,1,10,0,1,0.5,2,10,1,NaN,NaN,NaN,NaN,NaN,1,1,1,0,0,0,0,0,0,0,0,1,0,0,0,0,0,0,0,0,0,0,0,0,1,0,0,0,0,0,0,0,0,0,0,0,0,1,0,0,0,0,0,0,0,0,1,0,0,0,1,0,0,0,A1UKZRDH1T231M,3GD6L00D3TDOB4ZGKL7ZSCEGFR8M1N
1,10,3,1,10,1,1,0.6,2,10,1,NaN,NaN,NaN,NaN,NaN,1,1,1,0,0,0,0,0,0,0,0,1,0,0,0,0,0,0,0,0,0,0,0,0,1,0,0,0,0,0,0,0,0,0,0,0,0,1,0,0,0,1,0,0,0,0,0,0,0,0,1,0,0,0,A1UKZRDH1T231M,3GD6L00D3TDOB4ZGKL7ZSCEGFR8M1N
1,10,4,10,1,0,1,0.6,1,10,0,NaN,NaN,NaN,NaN,NaN,1,1,1,0,0,0,0,0,0,0,0,1,0,0,0,0,0,0,0,0,0,0,0,0,1,0,0,0,0,0,0,0,0,0,0,0,0,0,0,0,0,1,0,0,0,0,0,0,0,0,0,0,0,0,A1UKZRDH1T231M,3GD6L00D3TDOB4ZGKL7ZSCEGFR8M1N
1,10,5,1,10,1,1,0.6,2,10,1,NaN,NaN,NaN,NaN,NaN,1,1,1,0,0,0,0,0,0,0,0,1,0,0,0,0,0,0,0,0,0,0,0,0,1,0,0,0,0,0,0,0,0,0,0,0,0,1,0,0,0,1,0,0,0,0,0,0,0,0,1,0,0,0,A1UKZRDH1T231M,3GD6L00D3TDOB4ZGKL7ZSCEGFR8M1N
1,10,6,10,1,0,0,0.5,1,10,0,NaN,NaN,NaN,NaN,NaN,1,1,1,0,0,0,0,0,0,0,0,1,0,0,0,0,0,0,0,0,0,0,0,0,1,0,0,0,0,0,0,0,0,0,0,0,0,0,0,0,0,0,0,0,0,0,0,0,0,0,0,0,0,0,A1UKZRDH1T231M,3GD6L00D3TDOB4ZGKL7ZSCEGFR8M1N
1,10,7,10,1,0,1,0.4,1,10,0,NaN,NaN,NaN,NaN,NaN,1,1,1,0,0,0,0,0,0,0,0,1,0,0,0,0,0,0,0,0,0,0,0,0,1,0,0,0,0,0,0,0,0,0,0,0,0,0,0,0,0,1,0,0,0,0,0,0,0,0,0,0,0,0,A1UKZRDH1T231M,3GD6L00D3TDOB4ZGKL7ZSCEGFR8M1N
1,10,8,1,10,0,0,0.5,2,10,0,NaN,NaN,NaN,NaN,NaN,1,1,1,0,0,0,0,0,0,0,0,1,0,0,0,0,0,0,0,0,0,0,0,0,1,0,0,0,0,0,0,0,0,0,0,0,0,0,0,0,0,0,0,0,0,0,0,0,0,0,0,0,0,0,A1UKZRDH1T231M,3GD6L00D3TDOB4ZGKL7ZSCEGFR8M1N
1,10,9,1,10,1,0,0.5,2,10,0,NaN,NaN,NaN,NaN,NaN,1,1,1,0,0,0,0,0,0,0,0,1,0,0,0,0,0,0,0,0,0,0,0,0,1,0,0,0,0,0,0,0,0,0,0,0,0,0,0,0,0,1,0,0,0,0,0,0,0,0,0,0,0,0,A1UKZRDH1T231M,3GD6L00D3TDOB4ZGKL7ZSCEGFR8M1N
1,10,10,6,10,0,1,0.6,2,10,1,NaN,NaN,NaN,NaN,NaN,1,1,0,0,0,0,0,1,0,0,0,1,0,0,0,0,0,0,0,0,0,0,0,0,1,0,0,0,0,0,0,0,0,0,0,0,0,1,0,0,0,1,0,0,0,0,0,0,0,0,1,0,0,0,A1UKZRDH1T231M,3GD6L00D3TDOB4ZGKL7ZSCEGFR8M1N
1,10,11,6,1,0,0,1.1,1,6,0,NaN,NaN,NaN,NaN,NaN,1,1,1,0,0,0,0,1,0,0,0,0,0,0,0,0,0,0,0,0,1,0,0,0,0,0,0,0,0,0,0,0,0,0,0,0,0,0,0,0,0,0,0,0,0,0,0,0,0,0,1,0,0,0,A1UKZRDH1T231M,3GD6L00D3TDOB4ZGKL7ZSCEGFR8M1N
1,10,12,1,6,0,0,0.9,2,6,0,NaN,NaN,NaN,NaN,NaN,1,1,1,0,0,0,0,1,0,0,0,0,0,0,0,0,0,0,0,0,1,0,0,0,0,0,0,0,0,0,0,0,0,0,0,0,0,0,0,0,0,0,0,0,0,0,0,0,0,0,1,0,0,0,A1UKZRDH1T231M,3GD6L00D3TDOB4ZGKL7ZSCEGFR8M1N
1,10,13,1,6,0,0,0.8,1,1,0,NaN,NaN,NaN,NaN,NaN,1,1,1,0,0,0,0,1,0,0,0,0,0,0,0,1,0,0,0,0,0,0,0,0,0,0,0,0,0,0,0,0,0,0,0,0,0,0,0,0,0,0,0,0,0,0,0,0,0,0,0,0,0,0,A1UKZRDH1T231M,3GD6L00D3TDOB4ZGKL7ZSCEGFR8M1N
1,10,14,10,1,1,1,0.6,2,1,1,NaN,NaN,NaN,NaN,NaN,1,1,1,0,0,0,0,0,0,0,0,1,0,0,0,1,0,0,0,0,0,0,0,0,0,0,0,0,1,0,0,0,0,0,0,0,0,0,0,0,0,1,0,0,0,0,0,0,0,0,1,0,0,0,A1UKZRDH1T231M,3GD6L00D3TDOB4ZGKL7ZSCEGFR8M1N
1,10,15,1,10,1,1,0.4,2,10,1,NaN,NaN,NaN,NaN,NaN,1,1,1,0,0,0,0,0,0,0,0,1,0,0,0,0,0,0,0,0,0,0,0,0,1,0,0,0,0,0,0,0,0,0,0,0,0,1,0,0,0,1,0,0,0,0,1,0,0,0,1,0,0,0,A1UKZRDH1T231M,3GD6L00D3TDOB4ZGKL7ZSCEGFR8M1N
1,11,1,10,11,1,0,0.6,1,10,1,NaN,NaN,NaN,NaN,NaN,1,1,0,0,0,0,0,0,0,0,0,1,1,0,0,0,0,0,0,0,0,0,0,0,1,0,0,0,0,0,0,0,0,0,0,0,0,1,0,0,0,0,1,0,0,0,0,0,0,0,1,0,0,0,A1UKZRDH1T231M,3GD6L00D3TDOB4ZGKL7ZSCEGFR8M1N
1,11,2,10,11,1,0,0.6,1,10,1,NaN,NaN,NaN,NaN,NaN,1,1,0,0,0,0,0,0,0,0,0,1,1,0,0,0,0,0,0,0,0,0,0,0,1,0,0,0,0,0,0,0,0,0,0,0,0,1,0,0,0,0,1,0,0,0,0,0,0,0,1,0,0,0,A1UKZRDH1T231M,3GD6L00D3TDOB4ZGKL7ZSCEGFR8M1N
1,11,3,10,11,0,0,0.6,1,10,0,NaN,NaN,NaN,NaN,NaN,1,1,0,0,0,0,0,0,0,0,0,1,1,0,0,0,0,0,0,0,0,0,0,0,1,0,0,0,0,0,0,0,0,0,0,0,0,0,0,0,0,0,1,0,0,0,0,0,0,0,0,0,0,0,A1UKZRDH1T231M,3GD6L00D3TDOB4ZGKL7ZSCEGFR8M1N
1,11,4,11,10,0,0,0.6,2,10,0,NaN,NaN,NaN,NaN,NaN,1,1,0,0,0,0,0,0,0,0,0,1,1,0,0,0,0,0,0,0,0,0,0,0,1,0,0,0,0,0,0,0,0,0,0,0,0,0,0,0,0,0,0,0,0,0,0,0,0,0,0,0,0,0,A1UKZRDH1T231M,3GD6L00D3TDOB4ZGKL7ZSCEGFR8M1N
1,11,5,10,11,0,0,0.6,1,10,0,NaN,NaN,NaN,NaN,NaN,1,1,0,0,0,0,0,0,0,0,0,1,1,0,0,0,0,0,0,0,0,0,0,0,1,0,0,0,0,0,0,0,0,0,0,0,0,0,0,0,0,0,1,0,0,0,0,0,0,0,0,0,0,0,A1UKZRDH1T231M,3GD6L00D3TDOB4ZGKL7ZSCEGFR8M1N
1,11,6,10,11,0,1,1.1,1,10,0,NaN,NaN,NaN,NaN,NaN,1,1,0,0,0,0,0,0,0,0,0,1,1,0,0,0,0,0,0,0,0,0,0,0,1,0,0,0,0,0,0,0,0,0,0,0,0,0,0,0,0,0,1,0,0,0,0,0,0,0,0,1,0,0,A1UKZRDH1T231M,3GD6L00D3TDOB4ZGKL7ZSCEGFR8M1N
1,11,7,11,10,1,0,0.7,1,11,1,NaN,NaN,NaN,NaN,NaN,1,1,0,0,0,0,0,0,0,0,0,1,1,0,0,0,0,0,0,0,0,0,0,0,0,1,0,0,0,0,0,0,0,0,0,0,0,0,1,0,0,0,0,0,0,0,0,0,0,0,0,1,0,0,A1UKZRDH1T231M,3GD6L00D3TDOB4ZGKL7ZSCEGFR8M1N
1,11,8,2,10,1,1,0.9,1,2,1,NaN,NaN,NaN,NaN,NaN,1,1,0,1,0,0,0,0,0,0,0,1,0,0,0,0,1,0,0,0,0,0,0,0,0,0,0,0,0,1,0,0,0,0,0,0,0,0,0,0,0,0,1,0,0,0,0,0,0,0,1,0,0,0,A1UKZRDH1T231M,3GD6L00D3TDOB4ZGKL7ZSCEGFR8M1N
1,11,9,11,2,0,0,1.5,1,11,0,NaN,NaN,NaN,NaN,NaN,1,1,0,1,0,0,0,0,0,0,0,0,1,0,0,0,0,0,0,0,0,0,0,0,0,1,0,0,0,0,0,0,0,0,0,0,0,0,0,0,0,0,0,0,0,0,0,0,0,0,1,0,0,0,A1UKZRDH1T231M,3GD6L00D3TDOB4ZGKL7ZSCEGFR8M1N
1,11,10,2,11,1,0,0.8,1,2,1,NaN,NaN,NaN,NaN,NaN,1,1,0,1,0,0,0,0,0,0,0,0,1,0,0,0,1,0,0,0,0,0,0,0,0,0,0,0,0,1,0,0,0,0,0,0,0,0,0,0,0,0,1,0,0,0,0,0,0,0,1,0,0,0,A1UKZRDH1T231M,3GD6L00D3TDOB4ZGKL7ZSCEGFR8M1N
1,11,11,2,11,1,0,0.5,1,2,1,NaN,NaN,NaN,NaN,NaN,1,1,0,1,0,0,0,0,0,0,0,0,1,0,0,0,1,0,0,0,0,0,0,0,0,0,0,0,0,1,0,0,0,0,0,0,0,0,0,0,0,0,1,0,0,0,0,0,0,0,1,0,0,0,A1UKZRDH1T231M,3GD6L00D3TDOB4ZGKL7ZSCEGFR8M1N
1,11,12,2,10,0,0,0.5,1,2,0,NaN,NaN,NaN,NaN,NaN,1,1,0,1,0,0,0,0,0,0,0,1,0,0,0,0,1,0,0,0,0,0,0,0,0,0,0,0,0,0,0,0,0,0,0,0,0,0,0,0,0,0,0,0,0,0,0,0,0,0,0,1,0,0,A1UKZRDH1T231M,3GD6L00D3TDOB4ZGKL7ZSCEGFR8M1N
1,11,13,11,2,0,0,0.7,2,2,0,NaN,NaN,NaN,NaN,NaN,1,1,0,1,0,0,0,0,0,0,0,0,1,0,0,0,1,0,0,0,0,0,0,0,0,0,0,0,0,0,0,0,0,0,0,0,0,0,0,0,0,0,0,0,0,0,0,0,0,0,1,0,0,0,A1UKZRDH1T231M,3GD6L00D3TDOB4ZGKL7ZSCEGFR8M1N
1,11,14,10,2,1,0,0.9,2,2,0,NaN,NaN,NaN,NaN,NaN,1,1,0,1,0,0,0,0,0,0,0,1,0,0,0,0,1,0,0,0,0,0,0,0,0,0,0,0,0,0,0,0,0,0,0,0,0,0,0,0,0,0,0,0,0,0,0,0,0,0,1,0,0,0,A1UKZRDH1T231M,3GD6L00D3TDOB4ZGKL7ZSCEGFR8M1N
1,11,15,2,10,0,1,1.5,1,2,0,NaN,NaN,NaN,NaN,NaN,1,1,0,1,0,0,0,0,0,0,0,1,0,0,0,0,1,0,0,0,0,0,0,0,0,0,0,0,0,0,0,0,0,0,0,0,0,0,0,0,0,0,0,0,0,0,0,0,0,0,1,0,0,0,A1UKZRDH1T231M,3GD6L00D3TDOB4ZGKL7ZSCEGFR8M1N
