blockID,trialID,RT,respKey,selectedStimID,outcome,workerId,subID,trialStimID_1,trialStimID_2,trialStimReward_1,trialStimReward_2,isTrialStim_1,isTrialStim_2,isTrialStim_3,isTrialStim_4,isTrialStim_5,isTrialStim_6,isTrialStim_7,isTrialStim_8,isTrialStim_9,isTrialStim_10,isTrialStim_11,isTrialStim_12,isTrialStim_13,isSelected_1,isSelected_2,isSelected_3,isSelected_4,isSelected_5,isSelected_6,isSelected_7,isSelected_8,isSelected_9,isSelected_10,isSelected_11,isSelected_12,isSelected_13,isWin_1,isWin_2,isWin_3,isWin_4,isWin_5,isWin_6,isWin_7,isWin_8,isWin_9,isWin_10,isWin_11,isWin_12,isWin_13,rejectedStimID,winHistoryStim_1,winHistoryStim_2,lossHistoryStim_1,lossHistoryStim_2,exposeHistoryStim_1,exposeHistoryStim_2
1,1,NaN,1,5,0,A34SIGOLUGKIHJ,78,5,7,0,1,0,0,0,0,1,0,1,0,0,0,0,0,0,0,0,0,0,1,0,0,0,0,0,0,0,0,0,0,0,0,0,1,1,0,0,0,0,0,0,NaN,NaN,NaN,NaN,NaN,NaN,NaN
1,2,NaN,2,6,1,A34SIGOLUGKIHJ,78,7,6,1,1,0,0,0,0,0,1,1,0,0,0,0,0,0,0,0,0,0,0,1,0,0,0,0,0,0,0,0,0,0,0,0,1,1,0,0,0,0,0,0,NaN,NaN,NaN,NaN,NaN,NaN,NaN
1,3,NaN,2,5,0,A34SIGOLUGKIHJ,78,7,5,1,0,0,0,0,0,1,0,1,0,0,0,0,0,0,0,0,0,0,1,0,0,0,0,0,0,0,0,0,0,0,0,0,0,1,0,0,0,0,0,0,NaN,NaN,NaN,NaN,NaN,NaN,NaN
1,4,NaN,2,6,1,A34SIGOLUGKIHJ,78,7,6,0,1,0,0,0,0,0,1,1,0,0,0,0,0,0,0,0,0,0,0,1,0,0,0,0,0,0,0,0,0,0,0,0,1,0,0,0,0,0,0,0,NaN,NaN,NaN,NaN,NaN,NaN,NaN
1,5,NaN,1,6,1,A34SIGOLUGKIHJ,78,6,5,1,0,0,0,0,0,1,1,0,0,0,0,0,0,0,0,0,0,0,0,1,0,0,0,0,0,0,0,0,0,0,0,0,1,1,0,0,0,0,0,0,NaN,NaN,NaN,NaN,NaN,NaN,NaN
1,6,NaN,1,6,0,A34SIGOLUGKIHJ,78,6,5,0,0,0,0,0,0,1,1,0,0,0,0,0,0,0,0,0,0,0,0,1,0,0,0,0,0,0,0,0,0,0,0,0,0,1,0,0,0,0,0,0,NaN,NaN,NaN,NaN,NaN,NaN,NaN
1,7,NaN,1,7,1,A34SIGOLUGKIHJ,78,7,6,1,0,0,0,0,0,0,1,1,0,0,0,0,0,0,0,0,0,0,0,0,1,0,0,0,0,0,0,0,0,0,0,0,0,1,0,0,0,0,0,0,NaN,NaN,NaN,NaN,NaN,NaN,NaN
1,8,NaN,2,7,0,A34SIGOLUGKIHJ,78,5,7,0,0,0,0,0,0,1,0,1,0,0,0,0,0,0,0,0,0,0,0,0,1,0,0,0,0,0,0,0,0,0,0,0,0,0,0,0,0,0,0,0,NaN,NaN,NaN,NaN,NaN,NaN,NaN
1,9,NaN,2,7,1,A34SIGOLUGKIHJ,78,5,7,0,1,0,0,0,0,1,0,1,0,0,0,0,0,0,0,0,0,0,0,0,1,0,0,0,0,0,0,0,0,0,0,0,1,1,0,0,0,0,0,0,NaN,NaN,NaN,NaN,NaN,NaN,NaN
1,10,NaN,2,7,1,A34SIGOLUGKIHJ,78,6,7,0,1,0,0,0,0,0,1,1,0,0,0,0,0,0,0,0,0,0,0,0,1,0,0,0,0,0,0,0,0,0,0,0,0,1,0,0,0,0,0,0,NaN,NaN,NaN,NaN,NaN,NaN,NaN
1,11,NaN,2,6,1,A34SIGOLUGKIHJ,78,5,6,0,1,0,0,0,0,1,1,0,0,0,0,0,0,0,0,0,0,0,0,1,0,0,0,0,0,0,0,0,0,0,0,0,1,1,0,0,0,0,0,0,NaN,NaN,NaN,NaN,NaN,NaN,NaN
1,12,NaN,2,7,1,A34SIGOLUGKIHJ,78,6,7,1,1,0,0,0,0,0,1,1,0,0,0,0,0,0,0,0,0,0,0,0,1,0,0,0,0,0,0,0,0,0,0,1,1,1,0,0,0,0,0,0,NaN,NaN,NaN,NaN,NaN,NaN,NaN
1,13,NaN,1,6,0,A34SIGOLUGKIHJ,78,6,5,0,0,0,0,0,0,1,1,0,0,0,0,0,0,0,0,0,0,0,0,1,0,0,0,0,0,0,0,0,0,0,0,0,0,0,0,0,0,0,0,0,NaN,NaN,NaN,NaN,NaN,NaN,NaN
1,14,NaN,1,6,0,A34SIGOLUGKIHJ,78,6,5,0,1,0,0,0,0,1,1,0,0,0,0,0,0,0,0,0,0,0,0,1,0,0,0,0,0,0,0,0,0,0,0,1,0,1,0,0,0,0,0,0,NaN,NaN,NaN,NaN,NaN,NaN,NaN
1,15,NaN,1,6,0,A34SIGOLUGKIHJ,78,6,7,0,1,0,0,0,0,0,1,1,0,0,0,0,0,0,0,0,0,0,0,1,0,0,0,0,0,0,0,0,0,0,0,1,0,1,0,0,0,0,0,0,NaN,NaN,NaN,NaN,NaN,NaN,NaN
1,16,NaN,1,7,1,A34SIGOLUGKIHJ,78,7,5,1,0,0,0,0,0,1,0,1,0,0,0,0,0,0,0,0,0,0,0,0,1,0,0,0,0,0,0,0,0,0,0,0,1,1,0,0,0,0,0,0,NaN,NaN,NaN,NaN,NaN,NaN,NaN
2,1,NaN,1,8,0,A34SIGOLUGKIHJ,78,8,7,0,1,0,0,0,0,0,0,1,1,0,0,0,0,0,0,0,0,0,0,0,0,1,0,0,0,0,0,0,0,0,0,0,0,1,0,0,0,0,0,0,NaN,NaN,NaN,NaN,NaN,NaN,NaN
2,2,NaN,2,8,1,A34SIGOLUGKIHJ,78,7,8,0,1,0,0,0,0,0,0,1,1,0,0,0,0,0,0,0,0,0,0,0,0,1,0,0,0,0,0,0,0,0,0,1,0,0,1,0,0,0,0,0,NaN,NaN,NaN,NaN,NaN,NaN,NaN
2,3,NaN,1,8,1,A34SIGOLUGKIHJ,78,8,7,1,1,0,0,0,0,0,0,1,1,0,0,0,0,0,0,0,0,0,0,0,0,1,0,0,0,0,0,0,0,0,0,1,0,1,1,0,0,0,0,0,NaN,NaN,NaN,NaN,NaN,NaN,NaN
2,4,NaN,1,8,0,A34SIGOLUGKIHJ,78,8,7,0,1,0,0,0,0,0,0,1,1,0,0,0,0,0,0,0,0,0,0,0,0,1,0,0,0,0,0,0,0,0,0,1,0,1,0,0,0,0,0,0,NaN,NaN,NaN,NaN,NaN,NaN,NaN
2,5,NaN,1,8,0,A34SIGOLUGKIHJ,78,8,7,0,1,0,0,0,0,0,0,1,1,0,0,0,0,0,0,0,0,0,0,0,0,1,0,0,0,0,0,0,0,0,0,0,0,1,0,0,0,0,0,0,NaN,NaN,NaN,NaN,NaN,NaN,NaN
2,6,NaN,1,8,0,A34SIGOLUGKIHJ,78,8,7,0,0,0,0,0,0,0,0,1,1,0,0,0,0,0,0,0,0,0,0,0,0,1,0,0,0,0,0,0,0,0,0,0,0,0,0,0,0,0,0,0,NaN,NaN,NaN,NaN,NaN,NaN,NaN
2,7,NaN,1,8,0,A34SIGOLUGKIHJ,78,8,7,0,0,0,0,0,0,0,0,1,1,0,0,0,0,0,0,0,0,0,0,0,0,1,0,0,0,0,0,0,0,0,0,0,0,0,0,0,0,0,0,0,NaN,NaN,NaN,NaN,NaN,NaN,NaN
2,8,NaN,2,8,1,A34SIGOLUGKIHJ,78,7,8,0,1,0,0,0,0,0,0,1,1,0,0,0,0,0,0,0,0,0,0,0,0,1,0,0,0,0,0,0,0,0,0,1,0,0,1,0,0,0,0,0,NaN,NaN,NaN,NaN,NaN,NaN,NaN
2,9,NaN,2,8,0,A34SIGOLUGKIHJ,78,7,8,1,0,0,0,0,0,0,0,1,1,0,0,0,0,0,0,0,0,0,0,0,0,1,0,0,0,0,0,0,0,0,0,1,0,1,0,0,0,0,0,0,NaN,NaN,NaN,NaN,NaN,NaN,NaN
2,10,NaN,2,8,0,A34SIGOLUGKIHJ,78,7,8,1,0,0,0,0,0,0,0,1,1,0,0,0,0,0,0,0,0,0,0,0,0,1,0,0,0,0,0,0,0,0,0,0,0,1,0,0,0,0,0,0,NaN,NaN,NaN,NaN,NaN,NaN,NaN
2,11,NaN,1,7,0,A34SIGOLUGKIHJ,78,7,5,0,0,0,0,0,0,1,0,1,0,0,0,0,0,0,0,0,0,0,0,0,1,0,0,0,0,0,0,0,0,0,0,0,0,0,0,0,0,0,0,0,NaN,NaN,NaN,NaN,NaN,NaN,NaN
2,12,NaN,2,7,0,A34SIGOLUGKIHJ,78,5,7,1,0,0,0,0,0,1,0,1,0,0,0,0,0,0,0,0,0,0,0,0,1,0,0,0,0,0,0,0,0,0,0,1,0,0,0,0,0,0,0,0,NaN,NaN,NaN,NaN,NaN,NaN,NaN
2,13,NaN,1,5,1,A34SIGOLUGKIHJ,78,5,7,1,1,0,0,0,0,1,0,1,0,0,0,0,0,0,0,0,0,0,1,0,0,0,0,0,0,0,0,0,0,0,0,1,0,1,0,0,0,0,0,0,NaN,NaN,NaN,NaN,NaN,NaN,NaN
2,14,NaN,2,5,0,A34SIGOLUGKIHJ,78,8,5,0,0,0,0,0,0,1,0,0,1,0,0,0,0,0,0,0,0,0,1,0,0,0,0,0,0,0,0,0,0,0,0,0,0,1,0,0,0,0,0,0,NaN,NaN,NaN,NaN,NaN,NaN,NaN
3,1,NaN,1,6,1,A34SIGOLUGKIHJ,78,6,5,1,0,0,0,0,0,1,1,0,0,0,0,0,0,0,0,0,0,0,0,1,0,0,0,0,0,0,0,1,0,0,0,0,1,0,0,0,0,0,0,0,NaN,NaN,NaN,NaN,NaN,NaN,NaN
3,2,NaN,2,6,1,A34SIGOLUGKIHJ,78,5,6,0,1,0,0,0,0,1,1,0,0,0,0,0,0,0,0,0,0,0,0,1,0,0,0,0,0,0,0,0,0,0,0,0,1,0,0,0,0,0,0,0,NaN,NaN,NaN,NaN,NaN,NaN,NaN
3,3,NaN,2,6,1,A34SIGOLUGKIHJ,78,5,6,0,1,0,0,0,0,1,1,0,0,0,0,0,0,0,0,0,0,0,0,1,0,0,0,0,0,0,0,0,0,0,0,0,1,0,0,0,0,0,0,0,NaN,NaN,NaN,NaN,NaN,NaN,NaN
3,4,NaN,2,6,1,A34SIGOLUGKIHJ,78,5,6,1,1,0,0,0,0,1,1,0,0,0,0,0,0,0,0,0,0,0,0,1,0,0,0,0,0,0,0,0,0,0,0,1,1,0,0,0,0,0,0,0,NaN,NaN,NaN,NaN,NaN,NaN,NaN
3,5,NaN,2,6,0,A34SIGOLUGKIHJ,78,5,6,1,0,0,0,0,0,1,1,0,0,0,0,0,0,0,0,0,0,0,0,1,0,0,0,0,0,0,0,0,0,0,0,1,0,0,0,0,0,0,0,0,NaN,NaN,NaN,NaN,NaN,NaN,NaN
3,6,NaN,1,6,0,A34SIGOLUGKIHJ,78,6,5,0,0,0,0,0,0,1,1,0,0,0,0,0,0,0,0,0,0,0,0,1,0,0,0,0,0,0,0,0,0,0,0,0,0,0,0,0,0,0,0,0,NaN,NaN,NaN,NaN,NaN,NaN,NaN
3,7,NaN,2,6,0,A34SIGOLUGKIHJ,78,5,6,1,0,0,0,0,0,1,1,0,0,0,0,0,0,0,0,0,0,0,0,1,0,0,0,0,0,0,0,0,0,0,0,1,0,0,0,0,0,0,0,0,NaN,NaN,NaN,NaN,NaN,NaN,NaN
3,8,NaN,2,6,0,A34SIGOLUGKIHJ,78,5,6,1,0,0,0,0,0,1,1,0,0,0,0,0,0,0,0,0,0,0,0,1,0,0,0,0,0,0,0,0,0,0,0,1,0,0,0,0,0,0,0,0,NaN,NaN,NaN,NaN,NaN,NaN,NaN
3,9,NaN,2,6,0,A34SIGOLUGKIHJ,78,5,6,0,0,0,0,0,0,1,1,0,0,0,0,0,0,0,0,0,0,0,0,1,0,0,0,0,0,0,0,0,0,0,0,0,0,0,0,0,0,0,0,0,NaN,NaN,NaN,NaN,NaN,NaN,NaN
3,10,NaN,2,1,0,A34SIGOLUGKIHJ,78,5,1,1,0,1,0,0,0,1,0,0,0,0,0,0,0,0,1,0,0,0,0,0,0,0,0,0,0,0,0,0,0,0,0,1,1,0,0,0,0,0,0,0,NaN,NaN,NaN,NaN,NaN,NaN,NaN
3,11,NaN,1,6,1,A34SIGOLUGKIHJ,78,6,5,1,0,0,0,0,0,1,1,0,0,0,0,0,0,0,0,0,0,0,0,1,0,0,0,0,0,0,0,0,0,0,0,0,1,0,0,0,0,0,0,0,NaN,NaN,NaN,NaN,NaN,NaN,NaN
3,12,NaN,1,1,1,A34SIGOLUGKIHJ,78,1,6,1,1,1,0,0,0,0,1,0,0,0,0,0,0,0,1,0,0,0,0,0,0,0,0,0,0,0,0,1,0,0,0,1,1,0,0,0,0,0,0,0,NaN,NaN,NaN,NaN,NaN,NaN,NaN
3,13,NaN,2,5,1,A34SIGOLUGKIHJ,78,6,5,1,1,0,0,0,0,1,1,0,0,0,0,0,0,0,0,0,0,0,1,0,0,0,0,0,0,0,0,1,0,0,0,1,1,0,0,0,0,0,0,0,NaN,NaN,NaN,NaN,NaN,NaN,NaN
4,1,NaN,1,11,0,A34SIGOLUGKIHJ,78,11,5,0,0,0,0,0,0,1,0,0,0,0,0,1,0,0,0,0,0,0,0,0,0,0,0,0,1,0,0,0,0,0,0,0,0,0,0,0,0,0,0,0,NaN,NaN,NaN,NaN,NaN,NaN,NaN
4,2,NaN,1,11,1,A34SIGOLUGKIHJ,78,11,5,1,0,0,0,0,0,1,0,0,0,0,0,1,0,0,0,0,0,0,0,0,0,0,0,0,1,0,0,0,0,0,0,0,0,0,0,0,0,1,0,0,NaN,NaN,NaN,NaN,NaN,NaN,NaN
4,3,NaN,1,11,1,A34SIGOLUGKIHJ,78,11,5,1,1,0,0,0,0,1,0,0,0,0,0,1,0,0,0,0,0,0,0,0,0,0,0,0,1,0,0,0,0,0,0,1,1,0,0,0,0,1,0,0,NaN,NaN,NaN,NaN,NaN,NaN,NaN
4,4,NaN,2,11,0,A34SIGOLUGKIHJ,78,5,11,1,0,0,0,0,0,1,0,0,0,0,0,1,0,0,0,0,0,0,0,0,0,0,0,0,1,0,0,0,0,0,0,1,0,0,0,0,0,0,0,0,NaN,NaN,NaN,NaN,NaN,NaN,NaN
4,5,NaN,2,11,1,A34SIGOLUGKIHJ,78,5,11,1,1,0,0,0,0,1,0,0,0,0,0,1,0,0,0,0,0,0,0,0,0,0,0,0,1,0,0,0,0,0,0,1,0,0,0,0,0,1,0,0,NaN,NaN,NaN,NaN,NaN,NaN,NaN
4,6,NaN,2,11,0,A34SIGOLUGKIHJ,78,5,11,0,0,0,0,0,0,1,0,0,0,0,0,1,0,0,0,0,0,0,0,0,0,0,0,0,1,0,0,0,0,0,0,0,0,0,0,0,0,0,0,0,NaN,NaN,NaN,NaN,NaN,NaN,NaN
4,7,NaN,1,11,1,A34SIGOLUGKIHJ,78,11,5,1,0,0,0,0,0,1,0,0,0,0,0,1,0,0,0,0,0,0,0,0,0,0,0,0,1,0,0,0,0,0,0,0,0,0,0,0,0,1,0,0,NaN,NaN,NaN,NaN,NaN,NaN,NaN
4,8,NaN,2,5,1,A34SIGOLUGKIHJ,78,6,5,0,1,0,0,0,0,1,1,0,0,0,0,0,0,0,0,0,0,0,1,0,0,0,0,0,0,0,0,0,0,0,0,1,0,0,0,0,0,1,0,0,NaN,NaN,NaN,NaN,NaN,NaN,NaN
4,9,NaN,1,11,1,A34SIGOLUGKIHJ,78,11,5,1,0,0,0,0,0,1,0,0,0,0,0,1,0,0,0,0,0,0,0,0,0,0,0,0,1,0,0,0,0,0,0,0,0,0,0,0,0,1,0,0,NaN,NaN,NaN,NaN,NaN,NaN,NaN
4,10,NaN,2,5,1,A34SIGOLUGKIHJ,78,6,5,1,1,0,0,0,0,1,1,0,0,0,0,0,0,0,0,0,0,0,1,0,0,0,0,0,0,0,0,0,0,0,0,1,1,0,0,0,0,1,0,0,NaN,NaN,NaN,NaN,NaN,NaN,NaN
4,11,NaN,2,5,0,A34SIGOLUGKIHJ,78,6,5,0,0,0,0,0,0,1,1,0,0,0,0,0,0,0,0,0,0,0,1,0,0,0,0,0,0,0,0,0,0,0,0,0,0,0,0,0,0,1,0,0,NaN,NaN,NaN,NaN,NaN,NaN,NaN
4,12,NaN,1,5,1,A34SIGOLUGKIHJ,78,5,6,1,1,0,0,0,0,1,1,0,0,0,0,0,0,0,0,0,0,0,1,0,0,0,0,0,0,0,0,0,0,0,0,1,1,0,0,0,0,1,0,0,NaN,NaN,NaN,NaN,NaN,NaN,NaN
4,13,NaN,1,11,1,A34SIGOLUGKIHJ,78,11,5,1,1,0,0,0,0,1,0,0,0,0,0,1,0,0,0,0,0,0,0,0,0,0,0,0,1,0,0,0,0,0,0,1,0,0,0,0,0,1,0,0,NaN,NaN,NaN,NaN,NaN,NaN,NaN
5,1,NaN,1,7,1,A34SIGOLUGKIHJ,78,7,5,1,1,0,0,0,0,1,0,1,0,0,0,0,0,0,0,0,0,0,0,0,1,0,0,0,0,0,0,0,0,0,0,1,0,1,0,0,0,0,0,0,NaN,NaN,NaN,NaN,NaN,NaN,NaN
5,2,NaN,2,7,0,A34SIGOLUGKIHJ,78,5,7,0,0,0,0,0,0,1,0,1,0,0,0,0,0,0,0,0,0,0,0,0,1,0,0,0,0,0,0,0,0,0,0,0,0,0,0,0,0,0,0,0,NaN,NaN,NaN,NaN,NaN,NaN,NaN
5,3,NaN,2,7,1,A34SIGOLUGKIHJ,78,5,7,1,1,0,0,0,0,1,0,1,0,0,0,0,0,0,0,0,0,0,0,0,1,0,0,0,0,0,0,0,0,0,0,1,0,1,0,0,0,0,0,0,NaN,NaN,NaN,NaN,NaN,NaN,NaN
5,4,NaN,2,7,1,A34SIGOLUGKIHJ,78,5,7,1,1,0,0,0,0,1,0,1,0,0,0,0,0,0,0,0,0,0,0,0,1,0,0,0,0,0,0,0,0,0,0,1,0,1,0,0,0,0,0,0,NaN,NaN,NaN,NaN,NaN,NaN,NaN
5,5,NaN,1,7,1,A34SIGOLUGKIHJ,78,7,5,1,1,0,0,0,0,1,0,1,0,0,0,0,0,0,0,0,0,0,0,0,1,0,0,0,0,0,0,0,0,0,0,1,0,1,0,1,0,0,0,0,NaN,NaN,NaN,NaN,NaN,NaN,NaN
5,6,NaN,2,7,1,A34SIGOLUGKIHJ,78,5,7,1,1,0,0,0,0,1,0,1,0,0,0,0,0,0,0,0,0,0,0,0,1,0,0,0,0,0,0,0,0,0,0,1,0,1,0,1,0,0,0,0,NaN,NaN,NaN,NaN,NaN,NaN,NaN
5,7,NaN,1,7,0,A34SIGOLUGKIHJ,78,7,5,0,1,0,0,0,0,1,0,1,0,0,0,0,0,0,0,0,0,0,0,0,1,0,0,0,0,0,0,0,0,0,0,1,0,0,0,0,0,0,0,0,NaN,NaN,NaN,NaN,NaN,NaN,NaN
5,8,NaN,2,9,0,A34SIGOLUGKIHJ,78,7,9,1,0,0,0,0,0,0,0,1,0,1,0,0,0,0,0,0,0,0,0,0,0,0,1,0,0,0,0,0,0,0,0,1,0,1,0,0,0,0,0,0,NaN,NaN,NaN,NaN,NaN,NaN,NaN
5,9,NaN,2,9,0,A34SIGOLUGKIHJ,78,7,9,1,0,0,0,0,0,0,0,1,0,1,0,0,0,0,0,0,0,0,0,0,0,0,1,0,0,0,0,0,0,0,0,1,0,1,0,0,0,0,0,0,NaN,NaN,NaN,NaN,NaN,NaN,NaN
5,10,NaN,1,9,0,A34SIGOLUGKIHJ,78,9,7,0,0,0,0,0,0,0,0,1,0,1,0,0,0,0,0,0,0,0,0,0,0,0,1,0,0,0,0,0,0,0,0,0,0,0,0,0,0,0,0,0,NaN,NaN,NaN,NaN,NaN,NaN,NaN
5,11,NaN,1,9,0,A34SIGOLUGKIHJ,78,9,7,0,0,0,0,0,0,0,0,1,0,1,0,0,0,0,0,0,0,0,0,0,0,0,1,0,0,0,0,0,0,0,0,0,0,0,0,0,0,0,0,0,NaN,NaN,NaN,NaN,NaN,NaN,NaN
5,12,NaN,2,9,0,A34SIGOLUGKIHJ,78,5,9,1,0,0,0,0,0,1,0,0,0,1,0,0,0,0,0,0,0,0,0,0,0,0,1,0,0,0,0,0,0,0,0,1,0,1,0,0,0,0,0,0,NaN,NaN,NaN,NaN,NaN,NaN,NaN
5,13,NaN,1,9,0,A34SIGOLUGKIHJ,78,9,7,0,0,0,0,0,0,0,0,1,0,1,0,0,0,0,0,0,0,0,0,0,0,0,1,0,0,0,0,0,0,0,0,1,0,0,0,0,0,0,0,0,NaN,NaN,NaN,NaN,NaN,NaN,NaN
5,14,NaN,1,5,1,A34SIGOLUGKIHJ,78,5,7,1,0,0,0,0,0,1,0,1,0,0,0,0,0,0,0,0,0,0,1,0,0,0,0,0,0,0,0,0,0,0,0,1,0,0,0,1,0,0,0,0,NaN,NaN,NaN,NaN,NaN,NaN,NaN
5,15,NaN,1,5,1,A34SIGOLUGKIHJ,78,5,9,1,0,0,0,0,0,1,0,0,0,1,0,0,0,0,0,0,0,0,1,0,0,0,0,0,0,0,0,0,0,0,0,1,0,0,0,0,0,0,0,0,NaN,NaN,NaN,NaN,NaN,NaN,NaN
5,16,NaN,2,5,1,A34SIGOLUGKIHJ,78,7,5,0,1,0,0,0,0,1,0,1,0,0,0,0,0,0,0,0,0,0,1,0,0,0,0,0,0,0,0,0,0,0,0,1,0,0,0,0,0,0,0,0,NaN,NaN,NaN,NaN,NaN,NaN,NaN
6,1,NaN,2,10,0,A34SIGOLUGKIHJ,78,8,10,0,0,0,0,0,0,0,0,0,1,0,1,0,0,0,0,0,0,0,0,0,0,0,0,1,0,0,0,0,0,0,0,0,0,0,0,0,0,0,0,0,NaN,NaN,NaN,NaN,NaN,NaN,NaN
6,2,NaN,1,10,1,A34SIGOLUGKIHJ,78,10,8,1,0,0,0,0,0,0,0,0,1,0,1,0,0,0,0,0,0,0,0,0,0,0,0,1,0,0,0,0,0,0,0,0,0,0,0,0,1,0,0,0,NaN,NaN,NaN,NaN,NaN,NaN,NaN
6,3,NaN,2,10,0,A34SIGOLUGKIHJ,78,8,10,1,0,0,0,0,0,0,0,0,1,0,1,0,0,0,0,0,0,0,0,0,0,0,0,1,0,0,0,0,0,0,0,0,0,0,1,0,0,0,0,0,NaN,NaN,NaN,NaN,NaN,NaN,NaN
6,4,NaN,1,10,1,A34SIGOLUGKIHJ,78,10,8,1,0,0,0,0,0,0,0,0,1,0,1,0,0,0,0,0,0,0,0,0,0,0,0,1,0,0,0,0,0,0,0,0,0,0,0,0,1,0,0,0,NaN,NaN,NaN,NaN,NaN,NaN,NaN
6,5,NaN,2,10,0,A34SIGOLUGKIHJ,78,8,10,0,0,0,0,0,0,0,0,0,1,0,1,0,0,0,0,0,0,0,0,0,0,0,0,1,0,0,0,0,0,0,0,0,0,0,0,0,0,0,0,0,NaN,NaN,NaN,NaN,NaN,NaN,NaN
6,6,NaN,1,10,1,A34SIGOLUGKIHJ,78,10,8,1,0,0,0,0,0,0,0,0,1,0,1,0,0,0,0,0,0,0,0,0,0,0,0,1,0,0,0,0,0,0,0,0,0,0,0,0,1,0,0,0,NaN,NaN,NaN,NaN,NaN,NaN,NaN
6,7,NaN,2,10,0,A34SIGOLUGKIHJ,78,8,10,0,0,0,0,0,0,0,0,0,1,0,1,0,0,0,0,0,0,0,0,0,0,0,0,1,0,0,0,0,0,0,0,0,0,0,0,0,0,0,0,0,NaN,NaN,NaN,NaN,NaN,NaN,NaN
6,8,NaN,2,10,1,A34SIGOLUGKIHJ,78,8,10,1,1,0,0,0,0,0,0,0,1,0,1,0,0,0,0,0,0,0,0,0,0,0,0,1,0,0,0,0,0,0,0,0,0,0,1,0,1,0,0,0,NaN,NaN,NaN,NaN,NaN,NaN,NaN
6,9,NaN,2,10,1,A34SIGOLUGKIHJ,78,8,10,1,1,0,0,0,0,0,0,0,1,0,1,0,0,0,0,0,0,0,0,0,0,0,0,1,0,0,0,0,0,0,0,0,0,1,1,0,1,0,0,0,NaN,NaN,NaN,NaN,NaN,NaN,NaN
6,10,NaN,1,10,0,A34SIGOLUGKIHJ,78,10,8,0,1,0,0,0,0,0,0,0,1,0,1,0,0,0,0,0,0,0,0,0,0,0,0,1,0,0,0,0,0,0,0,0,0,0,1,0,0,0,0,0,NaN,NaN,NaN,NaN,NaN,NaN,NaN
6,11,NaN,2,10,1,A34SIGOLUGKIHJ,78,8,10,0,1,0,0,0,0,0,0,0,1,0,1,0,0,0,0,0,0,0,0,0,0,0,0,1,0,0,0,0,0,0,0,0,0,1,0,0,1,0,0,0,NaN,NaN,NaN,NaN,NaN,NaN,NaN
6,12,NaN,1,10,1,A34SIGOLUGKIHJ,78,10,7,1,0,0,0,0,0,0,0,1,0,0,1,0,0,0,0,0,0,0,0,0,0,0,0,1,0,0,0,0,0,0,0,0,0,0,1,0,1,0,0,0,NaN,NaN,NaN,NaN,NaN,NaN,NaN
6,13,NaN,1,8,1,A34SIGOLUGKIHJ,78,8,7,1,0,0,0,0,0,0,0,1,1,0,0,0,0,0,0,0,0,0,0,0,0,1,0,0,0,0,0,0,0,0,0,0,0,0,1,0,1,0,0,0,NaN,NaN,NaN,NaN,NaN,NaN,NaN
6,14,NaN,2,8,1,A34SIGOLUGKIHJ,78,7,8,1,1,0,0,0,0,0,0,1,1,0,0,0,0,0,0,0,0,0,0,0,0,1,0,0,0,0,0,0,0,0,0,0,0,1,1,0,0,0,0,0,NaN,NaN,NaN,NaN,NaN,NaN,NaN
7,1,NaN,1,11,1,A34SIGOLUGKIHJ,78,11,7,1,0,0,0,0,0,0,0,1,0,0,0,1,0,0,0,0,0,0,0,0,0,0,0,0,1,0,0,0,0,0,0,0,0,0,0,0,0,1,0,0,NaN,NaN,NaN,NaN,NaN,NaN,NaN
7,2,NaN,1,11,0,A34SIGOLUGKIHJ,78,11,7,0,1,0,0,0,0,0,0,1,0,0,0,1,0,0,0,0,0,0,0,0,0,0,0,0,1,0,0,0,0,0,0,0,0,1,0,0,0,0,0,0,NaN,NaN,NaN,NaN,NaN,NaN,NaN
7,3,NaN,2,11,0,A34SIGOLUGKIHJ,78,7,11,0,0,0,0,0,0,0,0,1,0,0,0,1,0,0,0,0,0,0,0,0,0,0,0,0,1,0,0,0,0,0,0,0,0,0,0,0,0,0,0,0,NaN,NaN,NaN,NaN,NaN,NaN,NaN
7,4,NaN,1,11,0,A34SIGOLUGKIHJ,78,11,7,0,1,0,0,0,0,0,0,1,0,0,0,1,0,0,0,0,0,0,0,0,0,0,0,0,1,0,0,0,0,0,0,0,0,1,0,0,0,0,0,0,NaN,NaN,NaN,NaN,NaN,NaN,NaN
7,5,NaN,1,11,1,A34SIGOLUGKIHJ,78,11,7,1,1,0,0,0,0,0,0,1,0,0,0,1,0,0,0,0,0,0,0,0,0,0,0,0,1,0,0,0,0,0,0,0,0,1,0,0,0,1,0,0,NaN,NaN,NaN,NaN,NaN,NaN,NaN
7,6,NaN,2,11,1,A34SIGOLUGKIHJ,78,7,11,1,1,0,0,0,0,0,0,1,0,0,0,1,0,0,0,0,0,0,0,0,0,0,0,0,1,0,0,0,0,0,0,0,0,1,0,0,0,1,0,0,NaN,NaN,NaN,NaN,NaN,NaN,NaN
7,7,NaN,2,11,1,A34SIGOLUGKIHJ,78,7,11,1,1,0,0,0,0,0,0,1,0,0,0,1,0,0,0,0,0,0,0,0,0,0,0,0,1,0,0,0,0,0,0,0,0,1,0,0,0,1,0,0,NaN,NaN,NaN,NaN,NaN,NaN,NaN
7,8,NaN,2,11,0,A34SIGOLUGKIHJ,78,7,11,0,0,0,0,0,0,0,0,1,0,0,0,1,0,0,0,0,0,0,0,0,0,0,0,0,1,0,0,0,0,1,0,0,0,0,0,0,0,0,0,0,NaN,NaN,NaN,NaN,NaN,NaN,NaN
7,9,NaN,2,11,0,A34SIGOLUGKIHJ,78,7,11,1,0,0,0,0,0,0,0,1,0,0,0,1,0,0,0,0,0,0,0,0,0,0,0,0,1,0,0,0,0,0,0,0,0,1,0,0,0,0,0,0,NaN,NaN,NaN,NaN,NaN,NaN,NaN
7,10,NaN,2,11,1,A34SIGOLUGKIHJ,78,7,11,0,1,0,0,0,0,0,0,1,0,0,0,1,0,0,0,0,0,0,0,0,0,0,0,0,1,0,0,0,0,1,0,0,0,0,0,0,0,1,0,0,NaN,NaN,NaN,NaN,NaN,NaN,NaN
7,11,NaN,1,3,0,A34SIGOLUGKIHJ,78,3,11,0,0,0,0,1,0,0,0,0,0,0,0,1,0,0,0,0,1,0,0,0,0,0,0,0,0,0,0,0,0,0,0,0,0,0,0,0,0,0,0,0,NaN,NaN,NaN,NaN,NaN,NaN,NaN
7,12,NaN,2,3,0,A34SIGOLUGKIHJ,78,7,3,0,0,0,0,1,0,0,0,1,0,0,0,0,0,0,0,0,1,0,0,0,0,0,0,0,0,0,0,0,0,0,0,0,0,0,0,0,0,1,0,0,NaN,NaN,NaN,NaN,NaN,NaN,NaN
7,13,NaN,2,3,0,A34SIGOLUGKIHJ,78,7,3,1,0,0,0,1,0,0,0,1,0,0,0,0,0,0,0,0,1,0,0,0,0,0,0,0,0,0,0,0,0,0,0,0,0,1,0,0,0,0,0,0,NaN,NaN,NaN,NaN,NaN,NaN,NaN
7,14,NaN,2,3,1,A34SIGOLUGKIHJ,78,7,3,1,1,0,0,1,0,0,0,1,0,0,0,0,0,0,0,0,1,0,0,0,0,0,0,0,0,0,0,0,0,1,0,0,0,1,0,0,0,1,0,0,NaN,NaN,NaN,NaN,NaN,NaN,NaN
8,1,NaN,2,4,0,A34SIGOLUGKIHJ,78,8,4,1,0,0,0,0,1,0,0,0,1,0,0,0,0,0,0,0,0,1,0,0,0,0,0,0,0,0,0,0,0,0,0,0,0,0,1,0,0,0,0,0,NaN,NaN,NaN,NaN,NaN,NaN,NaN
8,2,NaN,1,4,1,A34SIGOLUGKIHJ,78,4,8,1,1,0,0,0,1,0,0,0,1,0,0,0,0,0,0,0,0,1,0,0,0,0,0,0,0,0,0,0,0,0,1,0,0,0,1,0,0,0,0,0,NaN,NaN,NaN,NaN,NaN,NaN,NaN
8,3,NaN,1,4,0,A34SIGOLUGKIHJ,78,4,8,0,1,0,0,0,1,0,0,0,1,0,0,0,0,0,0,0,0,1,0,0,0,0,0,0,0,0,0,0,0,0,0,0,0,0,1,0,0,0,0,0,NaN,NaN,NaN,NaN,NaN,NaN,NaN
8,4,NaN,2,4,1,A34SIGOLUGKIHJ,78,8,4,1,1,0,0,0,1,0,0,0,1,0,0,0,0,0,0,0,0,1,0,0,0,0,0,0,0,0,0,0,0,0,1,0,0,0,1,0,0,0,0,0,NaN,NaN,NaN,NaN,NaN,NaN,NaN
8,5,NaN,1,4,1,A34SIGOLUGKIHJ,78,4,8,1,0,0,0,0,1,0,0,0,1,0,0,0,0,0,0,0,0,1,0,0,0,0,0,0,0,0,0,0,0,0,1,0,0,0,0,0,0,0,0,0,NaN,NaN,NaN,NaN,NaN,NaN,NaN
8,6,NaN,1,4,1,A34SIGOLUGKIHJ,78,4,8,1,1,0,0,0,1,0,0,0,1,0,0,0,0,0,0,0,0,1,0,0,0,0,0,0,0,0,0,0,0,0,1,0,0,0,1,0,0,0,0,0,NaN,NaN,NaN,NaN,NaN,NaN,NaN
8,7,NaN,2,11,0,A34SIGOLUGKIHJ,78,8,11,0,0,0,0,0,0,0,0,0,1,0,0,1,0,0,0,0,0,0,0,0,0,0,0,0,1,0,0,0,0,0,0,0,0,0,0,0,0,0,0,0,NaN,NaN,NaN,NaN,NaN,NaN,NaN
8,8,NaN,2,4,1,A34SIGOLUGKIHJ,78,11,4,0,1,0,0,0,1,0,0,0,0,0,0,1,0,0,0,0,0,1,0,0,0,0,0,0,0,0,0,0,0,0,1,0,0,0,1,0,0,0,0,0,NaN,NaN,NaN,NaN,NaN,NaN,NaN
8,9,NaN,2,4,0,A34SIGOLUGKIHJ,78,8,4,1,0,0,0,0,1,0,0,0,1,0,0,0,0,0,0,0,0,1,0,0,0,0,0,0,0,0,0,0,0,0,0,0,0,0,1,0,0,0,0,0,NaN,NaN,NaN,NaN,NaN,NaN,NaN
8,10,NaN,2,11,0,A34SIGOLUGKIHJ,78,8,11,1,0,0,0,0,0,0,0,0,1,0,0,1,0,0,0,0,0,0,0,0,0,0,0,0,1,0,0,0,0,0,0,0,0,0,1,0,0,0,0,0,NaN,NaN,NaN,NaN,NaN,NaN,NaN
8,11,NaN,1,4,0,A34SIGOLUGKIHJ,78,4,11,0,1,0,0,0,1,0,0,0,0,0,0,1,0,0,0,0,0,1,0,0,0,0,0,0,0,0,0,0,0,0,0,0,0,0,1,0,0,1,0,0,NaN,NaN,NaN,NaN,NaN,NaN,NaN
8,12,NaN,2,4,1,A34SIGOLUGKIHJ,78,11,4,1,1,0,0,0,1,0,0,0,0,0,0,1,0,0,0,0,0,1,0,0,0,0,0,0,0,0,0,0,0,0,1,0,0,0,1,0,0,1,0,0,NaN,NaN,NaN,NaN,NaN,NaN,NaN
8,13,NaN,1,4,1,A34SIGOLUGKIHJ,78,4,8,1,1,0,0,0,1,0,0,0,1,0,0,0,0,0,0,0,0,1,0,0,0,0,0,0,0,0,0,0,0,0,1,0,0,0,1,0,0,0,0,0,NaN,NaN,NaN,NaN,NaN,NaN,NaN
8,14,NaN,2,4,1,A34SIGOLUGKIHJ,78,8,4,1,1,0,0,0,1,0,0,0,1,0,0,0,0,0,0,0,0,1,0,0,0,0,0,0,0,0,0,0,0,0,1,0,0,0,1,0,0,1,0,0,NaN,NaN,NaN,NaN,NaN,NaN,NaN
8,15,NaN,2,11,0,A34SIGOLUGKIHJ,78,8,11,0,0,0,0,0,0,0,0,0,1,0,0,1,0,0,0,0,0,0,0,0,0,0,0,0,1,0,0,0,0,0,0,0,0,0,0,0,0,0,0,0,NaN,NaN,NaN,NaN,NaN,NaN,NaN
9,1,NaN,2,10,0,A34SIGOLUGKIHJ,78,3,10,1,0,0,0,1,0,0,0,0,0,0,1,0,0,0,0,0,0,0,0,0,0,0,0,1,0,0,0,0,0,1,0,0,0,0,0,0,0,0,0,0,NaN,NaN,NaN,NaN,NaN,NaN,NaN
9,2,NaN,2,3,1,A34SIGOLUGKIHJ,78,10,3,1,1,0,0,1,0,0,0,0,0,0,1,0,0,0,0,0,1,0,0,0,0,0,0,0,0,0,0,0,0,1,0,0,0,0,0,0,1,0,0,0,NaN,NaN,NaN,NaN,NaN,NaN,NaN
9,3,NaN,1,3,1,A34SIGOLUGKIHJ,78,3,10,1,0,0,0,1,0,0,0,0,0,0,1,0,0,0,0,0,1,0,0,0,0,0,0,0,0,0,0,0,0,1,0,0,0,0,0,0,0,0,0,0,NaN,NaN,NaN,NaN,NaN,NaN,NaN
9,4,NaN,2,3,1,A34SIGOLUGKIHJ,78,10,3,0,1,0,0,1,0,0,0,0,0,0,1,0,0,0,0,0,1,0,0,0,0,0,0,0,0,0,0,0,0,1,0,0,0,0,0,0,0,0,0,0,NaN,NaN,NaN,NaN,NaN,NaN,NaN
9,5,NaN,1,3,1,A34SIGOLUGKIHJ,78,3,10,1,0,0,0,1,0,0,0,0,0,0,1,0,0,0,0,0,1,0,0,0,0,0,0,0,0,0,0,0,0,1,0,0,0,0,0,0,0,0,0,0,NaN,NaN,NaN,NaN,NaN,NaN,NaN
9,6,NaN,2,3,1,A34SIGOLUGKIHJ,78,10,3,1,1,0,0,1,0,0,0,0,0,0,1,0,0,0,0,0,1,0,0,0,0,0,0,0,0,0,0,0,0,1,0,0,0,0,0,0,1,0,0,0,NaN,NaN,NaN,NaN,NaN,NaN,NaN
9,7,NaN,2,12,0,A34SIGOLUGKIHJ,78,10,12,0,0,0,0,0,0,0,0,0,0,0,1,0,1,0,0,0,0,0,0,0,0,0,0,0,0,1,0,0,0,1,0,0,0,0,0,0,0,0,0,0,NaN,NaN,NaN,NaN,NaN,NaN,NaN
9,8,NaN,2,3,1,A34SIGOLUGKIHJ,78,10,3,0,1,0,0,1,0,0,0,0,0,0,1,0,0,0,0,0,1,0,0,0,0,0,0,0,0,0,0,0,0,1,0,0,0,0,0,0,0,0,0,0,NaN,NaN,NaN,NaN,NaN,NaN,NaN
9,9,NaN,1,12,1,A34SIGOLUGKIHJ,78,12,3,1,1,0,0,1,0,0,0,0,0,0,0,0,1,0,0,0,0,0,0,0,0,0,0,0,0,1,0,0,0,1,0,0,0,0,0,0,1,0,1,0,NaN,NaN,NaN,NaN,NaN,NaN,NaN
9,10,NaN,1,12,1,A34SIGOLUGKIHJ,78,12,10,1,1,0,0,0,0,0,0,0,0,0,1,0,1,0,0,0,0,0,0,0,0,0,0,0,0,1,0,0,0,0,0,0,0,0,0,0,1,0,1,0,NaN,NaN,NaN,NaN,NaN,NaN,NaN
9,11,NaN,2,12,0,A34SIGOLUGKIHJ,78,10,12,1,0,0,0,0,0,0,0,0,0,0,1,0,1,0,0,0,0,0,0,0,0,0,0,0,0,1,0,0,0,0,0,0,0,0,0,0,1,0,0,0,NaN,NaN,NaN,NaN,NaN,NaN,NaN
9,12,NaN,2,12,0,A34SIGOLUGKIHJ,78,3,12,0,0,0,0,1,0,0,0,0,0,0,0,0,1,0,0,0,0,0,0,0,0,0,0,0,0,1,0,0,0,0,0,0,0,0,0,0,0,0,0,0,NaN,NaN,NaN,NaN,NaN,NaN,NaN
9,13,NaN,2,12,1,A34SIGOLUGKIHJ,78,3,12,1,1,0,0,1,0,0,0,0,0,0,0,0,1,0,0,0,0,0,0,0,0,0,0,0,0,1,0,0,0,1,0,0,0,0,0,0,1,0,1,0,NaN,NaN,NaN,NaN,NaN,NaN,NaN
9,14,NaN,1,12,0,A34SIGOLUGKIHJ,78,12,3,0,1,0,0,1,0,0,0,0,0,0,0,0,1,0,0,0,0,0,0,0,0,0,0,0,0,1,0,0,0,1,0,0,0,0,0,0,1,0,0,0,NaN,NaN,NaN,NaN,NaN,NaN,NaN
9,15,NaN,1,3,1,A34SIGOLUGKIHJ,78,3,10,1,1,0,0,1,0,0,0,0,0,0,1,0,0,0,0,0,1,0,0,0,0,0,0,0,0,0,0,0,0,1,0,0,0,0,0,0,1,0,0,0,NaN,NaN,NaN,NaN,NaN,NaN,NaN
10,1,NaN,2,13,1,A34SIGOLUGKIHJ,78,5,13,0,1,0,0,0,0,1,0,0,0,0,0,0,0,1,0,0,0,0,0,0,0,0,0,0,0,0,1,0,0,0,0,0,0,0,0,0,0,0,0,1,NaN,NaN,NaN,NaN,NaN,NaN,NaN
10,2,NaN,1,13,0,A34SIGOLUGKIHJ,78,13,5,0,1,0,0,0,0,1,0,0,0,0,0,0,0,1,0,0,0,0,0,0,0,0,0,0,0,0,1,0,0,1,0,1,0,0,0,0,0,0,0,0,NaN,NaN,NaN,NaN,NaN,NaN,NaN
10,3,NaN,2,13,0,A34SIGOLUGKIHJ,78,5,13,1,0,0,0,0,0,1,0,0,0,0,0,0,0,1,0,0,0,0,0,0,0,0,0,0,0,0,1,0,0,0,0,1,0,0,0,0,0,0,0,0,NaN,NaN,NaN,NaN,NaN,NaN,NaN
10,4,NaN,2,13,0,A34SIGOLUGKIHJ,78,5,13,0,0,0,0,0,0,1,0,0,0,0,0,0,0,1,0,0,0,0,0,0,0,0,0,0,0,0,1,0,0,0,0,0,0,0,0,0,0,0,0,0,NaN,NaN,NaN,NaN,NaN,NaN,NaN
10,5,NaN,1,13,0,A34SIGOLUGKIHJ,78,13,5,0,1,0,0,0,0,1,0,0,0,0,0,0,0,1,0,0,0,0,0,0,0,0,0,0,0,0,1,0,0,1,0,1,0,0,0,0,0,0,0,0,NaN,NaN,NaN,NaN,NaN,NaN,NaN
10,6,NaN,2,13,0,A34SIGOLUGKIHJ,78,5,13,0,0,0,0,0,0,1,0,0,0,0,0,0,0,1,0,0,0,0,0,0,0,0,0,0,0,0,1,0,0,0,0,0,0,0,0,0,0,0,0,0,NaN,NaN,NaN,NaN,NaN,NaN,NaN
10,7,NaN,2,13,0,A34SIGOLUGKIHJ,78,5,13,1,0,0,0,0,0,1,0,0,0,0,0,0,0,1,0,0,0,0,0,0,0,0,0,0,0,0,1,0,0,1,0,1,0,0,0,0,0,0,0,0,NaN,NaN,NaN,NaN,NaN,NaN,NaN
10,8,NaN,2,13,0,A34SIGOLUGKIHJ,78,5,13,1,0,0,0,0,0,1,0,0,0,0,0,0,0,1,0,0,0,0,0,0,0,0,0,0,0,0,1,0,0,1,0,1,0,0,0,0,0,0,0,0,NaN,NaN,NaN,NaN,NaN,NaN,NaN
10,9,NaN,1,13,0,A34SIGOLUGKIHJ,78,13,5,0,0,0,0,0,0,1,0,0,0,0,0,0,0,1,0,0,0,0,0,0,0,0,0,0,0,0,1,0,0,1,0,0,0,0,0,0,0,0,0,0,NaN,NaN,NaN,NaN,NaN,NaN,NaN
10,10,NaN,2,3,1,A34SIGOLUGKIHJ,78,5,3,1,1,0,0,1,0,1,0,0,0,0,0,0,0,0,0,0,1,0,0,0,0,0,0,0,0,0,0,0,0,1,0,1,0,0,0,0,0,0,0,1,NaN,NaN,NaN,NaN,NaN,NaN,NaN
10,11,NaN,1,5,1,A34SIGOLUGKIHJ,78,5,13,1,0,0,0,0,0,1,0,0,0,0,0,0,0,1,0,0,0,0,1,0,0,0,0,0,0,0,0,0,0,0,0,1,0,0,0,0,0,0,0,0,NaN,NaN,NaN,NaN,NaN,NaN,NaN
10,12,NaN,2,3,1,A34SIGOLUGKIHJ,78,5,3,0,1,0,0,1,0,1,0,0,0,0,0,0,0,0,0,0,1,0,0,0,0,0,0,0,0,0,0,0,0,1,0,0,0,0,0,0,0,0,0,0,NaN,NaN,NaN,NaN,NaN,NaN,NaN
10,13,NaN,1,3,0,A34SIGOLUGKIHJ,78,3,13,0,1,0,0,1,0,0,0,0,0,0,0,0,0,1,0,0,1,0,0,0,0,0,0,0,0,0,0,0,0,0,0,0,0,0,0,0,0,0,0,1,NaN,NaN,NaN,NaN,NaN,NaN,NaN
10,14,NaN,2,13,0,A34SIGOLUGKIHJ,78,5,13,1,0,0,0,0,0,1,0,0,0,0,0,0,0,1,0,0,0,0,0,0,0,0,0,0,0,0,1,0,0,1,0,1,0,0,0,0,0,0,0,0,NaN,NaN,NaN,NaN,NaN,NaN,NaN
10,15,NaN,2,3,1,A34SIGOLUGKIHJ,78,5,3,0,1,0,0,1,0,1,0,0,0,0,0,0,0,0,0,0,1,0,0,0,0,0,0,0,0,0,0,0,0,1,0,0,0,0,0,0,0,0,0,0,NaN,NaN,NaN,NaN,NaN,NaN,NaN
11,1,NaN,1,5,0,A34SIGOLUGKIHJ,78,5,3,0,0,0,0,1,0,1,0,0,0,0,0,0,0,0,0,0,0,0,1,0,0,0,0,0,0,0,0,0,1,0,0,0,0,0,0,0,0,0,0,0,NaN,NaN,NaN,NaN,NaN,NaN,NaN
11,2,NaN,1,3,0,A34SIGOLUGKIHJ,78,3,5,0,0,0,0,1,0,1,0,0,0,0,0,0,0,0,0,0,1,0,0,0,0,0,0,0,0,0,0,0,1,0,0,0,0,0,0,0,0,0,0,0,NaN,NaN,NaN,NaN,NaN,NaN,NaN
11,3,NaN,1,3,0,A34SIGOLUGKIHJ,78,3,5,0,0,0,0,1,0,1,0,0,0,0,0,0,0,0,0,0,1,0,0,0,0,0,0,0,0,0,0,0,1,0,0,0,0,0,0,0,0,0,0,0,NaN,NaN,NaN,NaN,NaN,NaN,NaN
11,4,NaN,1,3,1,A34SIGOLUGKIHJ,78,3,5,1,0,0,0,1,0,1,0,0,0,0,0,0,0,0,0,0,1,0,0,0,0,0,0,0,0,0,0,0,0,1,0,0,0,0,0,0,0,0,0,0,NaN,NaN,NaN,NaN,NaN,NaN,NaN
11,5,NaN,1,3,1,A34SIGOLUGKIHJ,78,3,5,1,0,0,0,1,0,1,0,0,0,0,0,0,0,0,0,0,1,0,0,0,0,0,0,0,0,0,0,0,1,1,0,0,0,0,0,0,0,0,0,0,NaN,NaN,NaN,NaN,NaN,NaN,NaN
11,6,NaN,1,3,0,A34SIGOLUGKIHJ,78,3,5,0,1,0,0,1,0,1,0,0,0,0,0,0,0,0,0,0,1,0,0,0,0,0,0,0,0,0,0,0,1,0,0,1,0,0,0,0,0,0,0,0,NaN,NaN,NaN,NaN,NaN,NaN,NaN
11,7,NaN,1,3,0,A34SIGOLUGKIHJ,78,3,5,0,0,0,0,1,0,1,0,0,0,0,0,0,0,0,0,0,1,0,0,0,0,0,0,0,0,0,0,0,0,0,0,0,0,0,0,0,0,0,0,0,NaN,NaN,NaN,NaN,NaN,NaN,NaN
11,8,NaN,1,3,1,A34SIGOLUGKIHJ,78,3,5,1,1,0,0,1,0,1,0,0,0,0,0,0,0,0,0,0,1,0,0,0,0,0,0,0,0,0,0,0,1,1,0,1,0,0,0,0,0,0,0,0,NaN,NaN,NaN,NaN,NaN,NaN,NaN
11,9,NaN,2,3,1,A34SIGOLUGKIHJ,78,5,3,0,1,0,0,1,0,1,0,0,0,0,0,0,0,0,0,0,1,0,0,0,0,0,0,0,0,0,0,0,0,1,0,0,0,0,0,0,0,0,0,0,NaN,NaN,NaN,NaN,NaN,NaN,NaN
11,10,NaN,2,3,1,A34SIGOLUGKIHJ,78,5,3,0,1,0,0,1,0,1,0,0,0,0,0,0,0,0,0,0,1,0,0,0,0,0,0,0,0,0,0,0,0,1,0,0,0,0,0,0,0,0,0,0,NaN,NaN,NaN,NaN,NaN,NaN,NaN
11,11,NaN,1,3,1,A34SIGOLUGKIHJ,78,3,5,1,0,0,0,1,0,1,0,0,0,0,0,0,0,0,0,0,1,0,0,0,0,0,0,0,0,0,0,0,1,1,0,0,0,0,0,0,0,0,0,0,NaN,NaN,NaN,NaN,NaN,NaN,NaN
11,12,NaN,1,2,1,A34SIGOLUGKIHJ,78,2,3,1,0,0,1,1,0,0,0,0,0,0,0,0,0,0,0,1,0,0,0,0,0,0,0,0,0,0,0,0,1,0,0,0,0,0,0,0,0,0,0,0,NaN,NaN,NaN,NaN,NaN,NaN,NaN
11,13,NaN,1,2,0,A34SIGOLUGKIHJ,78,2,3,0,0,0,1,1,0,0,0,0,0,0,0,0,0,0,0,1,0,0,0,0,0,0,0,0,0,0,0,0,0,0,0,0,0,0,0,0,0,0,0,0,NaN,NaN,NaN,NaN,NaN,NaN,NaN
11,14,NaN,1,3,1,A34SIGOLUGKIHJ,78,3,5,1,0,0,0,1,0,1,0,0,0,0,0,0,0,0,0,0,1,0,0,0,0,0,0,0,0,0,0,0,0,1,0,0,0,0,0,0,0,0,0,0,NaN,NaN,NaN,NaN,NaN,NaN,NaN
11,15,NaN,2,2,1,A34SIGOLUGKIHJ,78,5,2,1,1,0,1,0,0,1,0,0,0,0,0,0,0,0,0,1,0,0,0,0,0,0,0,0,0,0,0,0,1,1,0,1,0,0,0,0,0,0,0,0,NaN,NaN,NaN,NaN,NaN,NaN,NaN
